0.564 2.51 9.748 0
0.557 2.517 9.75 2
0.538 2.548 9.781 2
0.524 2.536 9.781 3
0.504 2.569 9.774 2
0.466 2.591 9.757 3
0.433 2.581 9.777 2
0.413 2.579 9.748 3
0.397 2.598 9.717 2
0.375 2.579 9.681 3
0.392 2.579 9.607 2
0.363 2.569 9.525 3
0.378 2.581 9.461 2
0.358 2.596 9.422 3
0.339 2.632 9.394 2
0.303 2.624 9.353 3
0.296 2.624 9.343 2
0.284 2.651 9.32 3
0.313 2.646 9.312 2
0.339 2.639 9.31 3
0.337 2.653 9.343 2
0.378 2.644 9.372 3
0.437 2.615 9.396 2
0.476 2.605 9.422 3
0.488 2.596 9.446 2
0.483 2.586 9.468 3
0.495 2.574 9.48 2
0.476 2.574 9.506 2
0.512 2.56 9.537 3
0.502 2.538 9.533 2
0.495 2.543 9.535 3
0.492 2.507 9.566 2
0.507 2.495 9.592 3
0.495 2.474 9.592 2
0.507 2.435 9.664 3
0.502 2.411 9.683 2
0.495 2.399 9.712 3
0.476 2.385 9.712 2
0.449 2.371 9.738 3
0.428 2.352 9.755 2
0.418 2.342 9.76 3
0.401 2.323 9.724 2
0.399 2.318 9.724 3
0.385 2.301 9.693 2
0.342 2.275 9.659 3
0.358 2.311 9.686 2
0.311 2.316 9.671 3
0.303 2.328 9.681 2
0.291 2.335 9.667 3
0.277 2.356 9.652 2
0.272 2.347 9.643 3
0.258 2.364 9.619 2
0.267 2.337 9.604 3
0.246 2.359 9.573 2
0.272 2.34 9.54 2
0.282 2.337 9.53 3
0.296 2.344 9.492 2
0.301 2.335 9.477 3
0.325 2.349 9.422 2
0.363 2.352 9.408 3
0.37 2.354 9.425 2
0.382 2.376 9.413 3
0.39 2.392 9.42 2
0.394 2.416 9.413 3
0.392 2.423 9.451 2
0.413 2.459 9.456 3
0.409 2.455 9.506 2
0.411 2.438 9.525 3
0.416 2.44 9.547 2
0.413 2.455 9.571 3
0.397 2.452 9.619 2
0.418 2.443 9.619 3
0.421 2.426 9.681 2
0.416 2.421 9.671 3
0.43 2.423 9.69 2
0.423 2.426 9.7 3
0.435 2.457 9.705 2
0.449 2.45 9.712 3
0.433 2.443 9.719 2
0.411 2.476 9.726 3
0.418 2.464 9.695 2
0.399 2.457 9.722 2
0.346 2.486 9.712 3
0.294 2.49 9.71 2
0.279 2.478 9.707 3
0.26 2.514 9.705 2
0.256 2.505 9.667 3
0.248 2.495 9.657 2
0.277 2.481 9.628 3
0.256 2.488 9.631 2
0.253 2.483 9.609 3
0.263 2.476 9.592 2
0.272 2.469 9.583 3
0.279 2.464 9.602 2
0.272 2.459 9.592 3
0.272 2.486 9.602 2
0.287 2.49 9.631 3
0.306 2.49 9.626 2
0.303 2.464 9.604 3
0.325 2.471 9.602 2
0.332 2.447 9.604 3
0.346 2.423 9.588 2
0.375 2.431 9.602 3
0.363 2.404 9.58 2
0.385 2.399 9.549 3
0.378 2.373 9.542 2
0.401 2.364 9.518 3
0.416 2.359 9.509 2
0.411 2.347 9.497 2
0.43 2.342 9.504 3
0.406 2.342 9.482 2
0.411 2.34 9.451 3
0.385 2.313 9.418 2
0.392 2.337 9.418 3
0.406 2.335 9.396 2
0.425 2.328 9.415 3
0.447 2.309 9.415 2
0.449 2.321 9.432 3
0.466 2.323 9.446 2
0.461 2.316 9.485 3
0.459 2.325 9.523 2
0.476 2.347 9.573 3
0.478 2.368 9.628 2
0.54 2.483 9.678 3
0.567 2.478 9.681 2
0.545 2.44 9.705 3
0.519 2.399 9.693 2
0.507 2.356 9.686 3
0.526 2.409 9.657 2
0.502 2.38 9.621 3
0.471 2.333 9.611 2
0.459 2.33 9.554 3
0.397 2.275 9.571 2
0.356 2.232 9.533 2
0.313 2.246 9.523 3
0.246 2.203 9.513 2
0.215 2.232 9.535 3
0.193 2.21 9.521 2
0.153 2.22 9.509 3
0.157 2.23 9.516 2
0.193 2.249 9.511 3
0.193 2.27 9.499 2
0.186 2.263 9.473 3
0.227 2.277 9.461 2
0.222 2.275 9.456 3
0.224 2.263 9.461 2
0.244 2.277 9.473 3
0.227 2.254 9.489 2
0.227 2.249 9.489 3
0.193 2.232 9.523 2
0.21 2.232 9.518 3
0.224 2.237 9.54 2
0.215 2.246 9.549 3
0.236 2.189 9.523 2
0.232 2.167 9.506 3
0.253 2.179 9.489 2
0.287 2.141 9.521 3
0.299 2.165 9.604 2
0.325 2.148 9.657 3
0.332 2.177 9.676 2
0.308 2.16 9.738 2
0.289 2.165 9.76 3
0.284 2.153 9.793 2
0.275 2.184 9.803 3
0.26 2.141 9.822 2
0.256 2.165 9.812 3
0.222 2.155 9.815 2
0.22 2.141 9.808 3
0.22 2.139 9.745 2
0.224 2.112 9.714 3
0.227 2.108 9.726 2
0.22 2.117 9.69 3
0.198 2.1 9.647 2
0.186 2.093 9.64 3
0.172 2.117 9.676 2
0.196 2.115 9.681 3
0.189 2.088 9.676 2
0.203 2.088 9.652 3
0.16 2.134 9.65 2
0.143 2.165 9.65 3
0.122 2.139 9.616 2
0.095 2.146 9.609 3
0.105 2.158 9.578 2
0.1 2.165 9.568 3
0.088 2.179 9.568 2
0.1 2.153 9.537 3
0.086 2.136 9.521 2
0.069 2.136 9.509 2
0.067 2.132 9.482 3
0.052 2.108 9.504 2
0.035 2.11 9.518 3
0.011 2.088 9.499 2
0.019 2.091 9.542 3
0.007 2.057 9.547 2
-0.026 2.072 9.533 3
-0.028 2.069 9.528 2
-0.052 2.031 9.537 3
-0.055 2.024 9.53 2
-0.05 2.031 9.513 3
-0.05 2.021 9.506 2
-0.069 2.014 9.513 3
-0.083 2.014 9.475 2
-0.145 2.017 9.494 3
-0.136 2.005 9.511 2
-0.117 1.993 9.53 3
-0.105 1.966 9.528 2
-0.09 1.986 9.521 3
-0.083 1.971 9.554 2
-0.057 1.959 9.604 3
-0.047 1.957 9.621 2
-0.047 1.962 9.678 3
-0.04 1.957 9.729 2
-0.028 1.962 9.777 3
-0.023 1.981 9.82 2
0.011 2.009 9.834 2
-0.004 1.99 9.865 3
0.004 2.005 9.882 2
0.062 1.986 9.867 3
0.138 1.954 9.87 2
0.136 1.971 9.856 3
0.167 1.962 9.853 2
0.169 1.954 9.851 3
0.138 1.954 9.858 2
0.131 1.995 9.846 3
0.102 2.055 9.839 2
0.059 2.112 9.784 3
0.04 2.12 9.726 2
0.038 2.11 9.652 3
0.078 2.088 9.659 2
0.095 2.072 9.638 3
0.124 2.036 9.676 2
0.117 1.981 9.942 3
0.1 2.045 10.085 2
0.138 2.081 9.973 3
0.145 2.076 9.894 2
0.131 2.086 9.848 3
0.095 2.117 9.812 2
0.131 2.127 9.765 3
0.112 2.127 9.793 2
0.107 2.158 9.731 3
0.09 2.167 9.745 2
0.078 2.182 9.743 2
0.069 2.184 9.748 3
0.074 2.158 9.755 2
0.062 2.148 9.769 3
0.055 2.141 9.745 2
0.062 2.153 9.729 3
0.031 2.165 9.741 2
0.033 2.172 9.71 3
-0.004 2.167 9.674 2
-0.014 2.196 9.693 3
-0.014 2.177 9.7 2
-0.031 2.187 9.676 3
-0.031 2.21 9.662 2
-0.002 2.184 9.676 3
0.014 2.194 9.671 2
0.016 2.172 9.664 3
0.064 2.172 9.647 2
0.071 2.175 9.655 3
0.071 2.153 9.631 2
0.081 2.146 9.65 3
0.078 2.16 9.628 2
0.105 2.155 9.611 3
0.145 2.141 9.59 2
0.136 2.122 9.585 3
0.145 2.136 9.628 2
0.179 2.115 9.597 3
0.189 2.103 9.592 2
0.229 2.124 9.647 2
0.224 2.117 9.643 3
0.241 2.105 9.633 2
0.299 2.088 9.633 3
0.287 2.091 9.619 2
0.303 2.081 9.607 3
0.318 2.086 9.597 2
0.308 2.081 9.588 3
0.332 2.081 9.602 2
0.306 2.074 9.573 3
0.296 2.084 9.611 2
0.282 2.084 9.602 3
0.291 2.093 9.602 2
0.272 2.096 9.592 3
0.244 2.098 9.611 2
0.22 2.105 9.59 3
0.191 2.093 9.576 2
0.172 2.11 9.578 3
0.174 2.11 9.556 2
0.157 2.117 9.54 3
0.134 2.093 9.516 2
0.126 2.12 9.485 3
0.105 2.11 9.487 2
0.078 2.093 9.463 3
0.052 2.112 9.451 2
0.057 2.124 9.444 2
0.031 2.143 9.432 3
0.023 2.127 9.422 2
0.007 2.151 9.43 3
0.033 2.16 9.418 2
0.031 2.167 9.415 3
0.045 2.163 9.41 2
0.062 2.177 9.391 3
0.088 2.194 9.382 2
0.098 2.187 9.415 3
0.107 2.189 9.389 2
0.124 2.196 9.365 3
0.107 2.191 9.387 2
0.114 2.172 9.363 3
0.102 2.201 9.375 2
0.093 2.177 9.372 3
0.1 2.175 9.384 2
0.107 2.158 9.401 3
0.11 2.16 9.399 2
0.117 2.165 9.415 3
0.131 2.17 9.434 2
0.143 2.17 9.449 3
0.16 2.16 9.492 2
0.181 2.16 9.506 3
0.177 2.184 9.544 2
0.205 2.165 9.576 3
0.21 2.177 9.631 2
0.217 2.17 9.664 3
0.232 2.163 9.683 2
0.227 2.153 9.7 2
0.217 2.175 9.736 3
0.224 2.134 9.729 2
0.21 2.146 9.734 3
0.205 2.139 9.757 2
0.21 2.136 9.757 3
0.167 2.143 9.76 2
0.167 2.122 9.784 3
0.134 2.098 9.748 2
0.095 2.11 9.741 3
0.067 2.112 9.726 2
0.05 2.093 9.667 3
0.028 2.1 9.667 2
-0.007 2.1 9.638 3
-0.004 2.105 9.623 2
-0.043 2.105 9.628 3
-0.038 2.079 9.609 2
-0.071 2.076 9.621 3
-0.093 2.055 9.611 2
-0.081 2.06 9.628 3
-0.088 2.062 9.6 2
-0.105 2.041 9.573 3
-0.102 2.024 9.571 2
-0.105 2.033 9.602 3
-0.122 2.009 9.614 2
-0.098 1.993 9.609 2
-0.112 2.017 9.614 3
-0.11 2.007 9.655 2
-0.074 2.002 9.655 3
-0.076 2.012 9.693 2
-0.059 2.036 9.7 3
-0.033 2.038 9.731 2
-0.004 2.036 9.75 3
0.0 2.041 9.75 2
0.019 2.057 9.745 3
0.016 2.067 9.731 2
0.04 2.069 9.726 3
0.028 2.067 9.731 2
0.04 2.065 9.719 3
0.067 2.079 9.69 2
0.093 2.086 9.683 3
0.105 2.1 9.669 2
0.102 2.11 9.645 3
0.136 2.134 9.633 2
0.141 2.134 9.623 3
0.157 2.136 9.6 2
0.162 2.148 9.592 3
0.169 2.172 9.609 2
0.174 2.175 9.607 3
0.177 2.179 9.604 2
0.162 2.184 9.607 3
0.172 2.206 9.6 2
0.145 2.206 9.58 2
0.141 2.194 9.576 3
0.134 2.199 9.583 2
0.11 2.172 9.571 3
0.095 2.182 9.561 2
0.071 2.167 9.561 3
0.04 2.153 9.58 2
0.038 2.134 9.585 3
0.011 2.136 9.602 2
-0.019 2.151 9.607 3
-0.023 2.129 9.628 2
-0.023 2.127 9.643 3
-0.023 2.141 9.65 2
-0.038 2.136 9.659 3
-0.016 2.127 9.669 2
-0.043 2.129 9.667 3
-0.009 2.139 9.671 2
-0.011 2.158 9.686 3
0.0 2.151 9.678 2
-0.002 2.146 9.681 3
-0.023 2.146 9.671 2
-0.016 2.146 9.662 3
-0.019 2.127 9.65 2
-0.026 2.155 9.645 3
0.004 2.17 9.65 2
0.016 2.163 9.619 2
0.04 2.167 9.657 3
0.064 2.17 9.698 2
0.1 2.175 9.741 3
0.131 2.182 9.791 2
0.145 2.172 9.82 3
0.189 2.179 9.865 2
0.198 2.165 9.853 3
0.217 2.172 9.875 2
0.222 2.182 9.87 3
0.232 2.155 9.863 2
0.227 2.165 9.841 3
0.244 2.155 9.805 2
0.232 2.16 9.781 3
0.203 2.155 9.705 2
0.203 2.16 9.659 3
0.186 2.148 9.604 2
0.16 2.141 9.559 3
0.15 2.136 9.516 2
0.145 2.143 9.492 3
0.138 2.139 9.454 2
0.165 2.141 9.408 3
0.155 2.148 9.377 2
0.145 2.132 9.384 3
0.153 2.153 9.355 2
0.141 2.127 9.336 3
0.131 2.132 9.31 2
0.15 2.143 9.32 3
0.138 2.134 9.296 2
0.131 2.141 9.272 2
0.112 2.122 9.308 3
0.122 2.117 9.305 2
0.083 2.115 9.31 3
0.074 2.093 9.32 2
0.069 2.098 9.346 3
0.093 2.084 9.375 2
0.069 2.1 9.391 3
0.088 2.081 9.439 2
0.1 2.086 9.475 3
0.1 2.074 9.489 2
0.129 2.093 9.492 3
0.112 2.096 9.516 2
0.112 2.084 9.537 3
0.134 2.098 9.518 2
0.129 2.072 9.547 3
0.122 2.074 9.525 2
0.11 2.081 9.528 3
0.1 2.096 9.54 2
0.064 2.076 9.542 3
0.038 2.074 9.549 2
0.009 2.079 9.547 3
-0.021 2.079 9.576 2
-0.016 2.079 9.597 3
-0.038 2.074 9.585 2
-0.071 2.074 9.578 2
-0.071 2.074 9.552 3
-0.1 2.072 9.549 2
-0.114 2.079 9.552 3
-0.122 2.086 9.552 2
-0.129 2.1 9.54 3
-0.129 2.081 9.542 2
-0.134 2.093 9.533 3
-0.11 2.115 9.544 2
-0.105 2.136 9.561 3
-0.064 2.155 9.566 2
-0.023 2.146 9.568 3
-0.035 2.158 9.583 2
0.007 2.167 9.573 3
0.0 2.129 9.619 2
-0.021 2.151 9.647 3
0.004 2.139 9.667 2
0.014 2.136 9.695 3
0.043 2.148 9.722 2
0.031 2.167 9.75 3
0.026 2.134 9.781 2
0.009 2.11 9.786 3
-0.007 2.103 9.82 2
-0.035 2.093 9.865 3
-0.05 2.076 9.87 2
-0.05 2.069 9.923 3
-0.064 2.043 9.927 2
-0.069 2.043 9.973 2
-0.067 2.062 9.994 3
-0.069 2.05 10.021 2
-0.093 2.053 10.03 3
-0.114 2.06 10.047 2
-0.131 2.045 10.064 3
-0.129 2.081 10.08 2
-0.138 2.084 10.126 3
-0.117 2.098 10.183 2
-0.134 2.136 10.258 3
-0.107 2.163 10.31 2
-0.088 2.179 10.389 3
-0.083 2.208 10.459 2
-0.081 2.249 10.542 3
-0.064 2.266 10.573 2
-0.009 2.277 10.638 3
0.009 2.316 10.712 2
0.021 2.34 10.76 3
0.038 2.361 10.805 2
0.057 2.38 10.863 3
0.028 2.402 10.896 2
0.028 2.426 10.942 3
0.023 2.455 10.935 2
0.021 2.462 10.961 3
0.004 2.455 10.971 2
-0.055 2.452 11.011 2
-0.052 2.488 11.011 3
-0.086 2.495 11.042 2
-0.086 2.471 11.064 3
-0.086 2.466 11.129 2
-0.124 2.476 11.181 3
-0.112 2.457 11.21 2
-0.098 2.464 11.282 3
-0.069 2.464 11.272 2
-0.047 2.435 11.279 3
-0.011 2.457 11.253 2
0.045 2.452 11.294 3
0.083 2.45 11.303 2
0.095 2.433 11.31 3
0.119 2.466 11.327 2
0.107 2.464 11.349 3
0.119 2.459 11.363 2
0.15 2.478 11.397 3
0.165 2.457 11.389 2
0.217 2.464 11.416 3
0.244 2.462 11.454 2
0.282 2.447 11.485 3
0.275 2.447 11.509 2
0.294 2.423 11.504 3
0.294 2.457 11.483 2
0.303 2.457 11.483 3
0.294 2.469 11.464 2
0.265 2.462 11.473 3
0.251 2.466 11.466 2
0.241 2.45 11.437 2
0.234 2.435 11.456 3
0.22 2.433 11.411 2
0.229 2.426 11.416 3
0.244 2.416 11.401 2
0.299 2.423 11.447 3
0.313 2.431 11.435 2
0.37 2.421 11.466 3
0.418 2.423 11.466 2
0.454 2.45 11.461 3
0.516 2.466 11.466 2
0.562 2.502 11.444 3
0.624 2.541 11.449 2
0.691 2.56 11.435 3
0.76 2.593 11.428 2
0.815 2.639 11.406 3
0.887 2.656 11.406 2
0.945 2.682 11.373 3
0.99 2.687 11.358 2
1.045 2.696 11.341 3
1.086 2.703 11.325 2
1.148 2.713 11.296 3
1.182 2.682 11.274 2
1.225 2.675 11.236 3
1.225 2.677 11.188 2
1.227 2.663 11.16 2
1.239 2.651 11.152 3
1.213 2.66 11.088 2
1.177 2.634 11.073 3
1.141 2.589 11.011 2
1.091 2.555 10.918 3
1.031 2.524 10.846 2
0.973 2.486 10.789 3
0.911 2.431 10.674 2
0.825 2.404 10.576 3
0.734 2.376 10.492 2
0.641 2.333 10.408 3
0.545 2.323 10.315 2
0.461 2.282 10.183 3
0.332 2.218 10.112 2
0.258 2.208 10.013 3
0.126 2.182 9.92 2
0.004 2.132 9.834 3
-0.11 2.1 9.736 2
-0.177 2.098 9.645 3
-0.311 2.093 9.561 2
-0.416 2.076 9.513 3
-0.492 2.081 9.408 2
-0.591 2.065 9.379 3
-0.669 2.081 9.332 2
-0.739 2.088 9.303 3
-0.803 2.1 9.303 2
-0.854 2.098 9.3 2
-0.918 2.093 9.332 3
-0.923 2.098 9.382 2
-0.959 2.112 9.437 3
-0.971 2.122 9.504 2
-0.966 2.124 9.619 3
-0.976 2.155 9.707 2
-1.002 2.16 9.784 3
-0.99 2.132 9.903 2
-0.993 2.117 9.987 3
-1.014 2.127 10.088 2
-1.012 2.091 10.145 3
-1.014 2.057 10.238 2
-1.04 2.055 10.272 3
-1.076 2.024 10.222 2
-1.095 2.029 10.186 3
-1.098 2.019 10.126 2
-1.119 1.986 10.097 3
-1.105 2.014 10.09 2
-1.067 2.053 10.104 3
-1.045 2.062 10.097 2
-0.988 2.086 10.1 3
-0.921 2.108 10.114 2
-0.868 2.132 10.104 3
-0.82 2.124 10.069 2
-0.763 2.112 10.037 3
-0.713 2.12 10.001 2
-0.667 2.108 9.973 2
-0.646 2.081 9.932 3
-0.626 2.053 9.899 2
-0.6 2.038 9.887 3
-0.555 2.024 9.853 2
-0.514 2.036 9.829 3
-0.526 2.038 9.803 2
-0.502 2.048 9.812 3
-0.514 2.055 9.793 2
-0.512 2.045 9.748 3
-0.49 2.05 9.748 2
-0.504 2.036 9.714 3
-0.55 2.043 9.635 2
-0.545 2.05 9.592 3
-0.528 2.045 9.561 2
-0.576 2.057 9.547 3
-0.54 2.076 9.576 2
-0.507 2.084 9.611 3
-0.461 2.103 9.65 2
-0.433 2.112 9.693 3
-0.401 2.129 9.748 2
-0.37 2.132 9.791 3
-0.423 2.009 9.789 2
-0.449 1.966 9.674 3
-0.344 1.978 9.528 2
-0.306 1.957 9.585 3
-0.397 2.026 9.549 2
-0.244 2.084 9.647 2
-0.172 2.143 9.705 3
-0.062 2.275 9.92 2
-0.014 2.328 10.076 3
0.004 2.383 10.253 2
0.071 2.447 10.339 3
0.162 2.443 10.473 2
0.212 2.431 10.566 3
0.234 2.411 10.662 2
0.284 2.407 10.782 3
0.334 2.383 10.837 2
0.406 2.359 10.892 3
0.49 2.356 10.985 2
0.531 2.328 11.081 3
0.562 2.337 11.105 2
0.605 2.33 11.117 3
0.619 2.287 11.085 2
0.653 2.246 11.064 3
0.689 2.237 11.014 2
0.686 2.201 10.928 3
0.684 2.16 10.82 2
0.686 2.103 10.734 3
0.703 2.043 10.65 2
0.72 1.971 10.633 3
0.698 1.899 10.612 2
0.705 1.866 10.616 3
0.71 1.835 10.612 2
0.708 1.804 10.616 2
0.686 1.818 10.612 3
0.653 1.801 10.631 2
0.629 1.808 10.609 3
0.605 1.844 10.616 2
0.562 1.859 10.576 3
0.555 1.866 10.516 2
0.535 1.887 10.494 3
0.478 1.945 10.432 2
0.406 1.947 10.327 3
0.358 1.974 10.183 2
0.32 1.988 10.037 3
0.227 1.995 9.856 2
0.095 2.002 9.655 3
0.076 2.038 9.528 2
0.105 2.074 9.408 3
0.186 2.184 9.353 2
0.193 2.206 9.296 3
0.26 2.27 9.317 2
0.318 2.313 9.329 3
0.351 2.373 9.355 2
0.39 2.407 9.449 3
0.394 2.419 9.477 2
0.435 2.447 9.537 3
0.457 2.447 9.566 2
0.437 2.452 9.547 2
0.507 2.464 9.544 3
0.514 2.455 9.561 2
0.54 2.435 9.544 3
0.54 2.399 9.525 2
0.531 2.378 9.482 3
0.512 2.364 9.489 2
0.528 2.335 9.449 3
0.516 2.361 9.401 2
0.571 2.361 9.41 3
0.605 2.361 9.389 2
0.6 2.371 9.353 3
0.624 2.366 9.312 2
0.629 2.364 9.32 3
0.622 2.383 9.3 2
0.595 2.383 9.286 3
0.569 2.364 9.26 2
0.579 2.399 9.253 3
0.54 2.368 9.241 2
0.509 2.388 9.231 3
0.49 2.392 9.214 2
0.485 2.407 9.183 3
0.502 2.378 9.157 2
0.473 2.402 9.078 3
0.478 2.397 9.064 2
0.459 2.376 9.064 3
0.459 2.397 9.047 2
0.485 2.399 8.999 2
0.524 2.397 9.035 3
0.545 2.399 9.032 2
0.574 2.411 9.042 3
0.564 2.419 9.056 2
0.586 2.423 9.116 3
0.626 2.433 9.164 2
0.629 2.426 9.236 3
0.631 2.411 9.236 2
0.624 2.392 9.286 3
0.631 2.395 9.317 2
0.612 2.378 9.363 3
0.646 2.354 9.384 2
0.641 2.347 9.408 3
0.646 2.328 9.41 2
0.634 2.304 9.449 3
0.624 2.321 9.468 2
0.626 2.304 9.451 3
0.605 2.287 9.43 2
0.624 2.316 9.451 3
0.653 2.318 9.439 2
0.631 2.337 9.372 3
0.617 2.321 9.351 2
0.593 2.323 9.324 3
0.605 2.323 9.296 2
0.595 2.311 9.229 3
0.634 2.311 9.195 2
0.665 2.328 9.14 2
0.684 2.337 9.054 3
0.662 2.349 9.011 2
0.646 2.333 8.889 3
0.602 2.371 8.776 2
0.646 2.404 8.702 3
0.665 2.411 8.618 2
0.658 2.416 8.537 3
0.691 2.433 8.492 2
0.684 2.431 8.449 3
0.784 2.388 8.386 2
0.827 2.333 8.36 3
0.837 2.38 8.355 2
0.808 2.445 8.307 3
0.823 2.522 8.317 2
0.813 2.586 8.346 3
0.808 2.653 8.331 2
0.784 2.689 8.324 3
0.758 2.754 8.358 2
0.744 2.766 8.382 3
0.765 2.787 8.456 2
0.758 2.802 8.583 3
0.727 2.821 8.702 2
0.725 2.821 8.834 3
0.753 2.823 8.975 2
0.78 2.825 9.099 3
0.77 2.842 9.188 2
0.758 2.823 9.281 2
0.827 2.83 9.353 3
0.868 2.787 9.422 2
0.875 2.78 9.434 3
0.918 2.773 9.456 2
0.949 2.754 9.458 3
0.935 2.718 9.446 2
0.914 2.73 9.47 3
0.923 2.715 9.477 2
0.885 2.708 9.475 3
0.847 2.684 9.461 2
0.818 2.663 9.42 3
0.803 2.667 9.406 2
0.753 2.687 9.339 3
0.72 2.699 9.255 2
0.691 2.713 9.181 3
0.677 2.732 9.071 2
0.655 2.763 8.992 3
0.598 2.797 8.903 2
0.555 2.818 8.834 3
0.519 2.833 8.781 2
0.512 2.835 8.695 3
0.473 2.859 8.635 2
0.433 2.88 8.559 3
0.366 2.873 8.475 2
0.323 2.854 8.417 3
0.253 2.818 8.317 2
0.172 2.763 8.169 2
0.15 2.756 8.149 3
0.134 2.751 8.121 2
0.131 2.737 8.094 3
0.155 2.79 8.114 2
0.229 2.821 8.145 3
0.351 2.696 8.142 2
0.401 2.737 8.2 3
0.385 2.876 8.305 2
0.358 2.974 8.437 3
0.303 3.079 8.53 2
0.248 3.141 8.604 3
0.196 3.201 8.666 2
0.179 3.203 8.714 3
0.196 3.227 8.779 2
0.265 3.213 8.827 3
0.301 3.136 8.906 2
0.323 3.084 8.956 3
0.332 3.002 8.985 2
0.325 2.959 9.032 3
0.294 2.919 9.085 2
0.306 2.912 9.135 3
0.313 2.9 9.15 2
0.284 2.916 9.181 3
0.232 2.89 9.195 2
0.208 2.9 9.207 2
0.165 2.9 9.181 3
0.129 2.9 9.176 2
0.098 2.9 9.145 3
0.098 2.873 9.154 2
0.09 2.859 9.083 3
0.081 2.895 9.032 2
0.086 2.902 9.001 3
0.093 2.916 8.925 2
0.09 2.938 8.86 3
0.059 2.974 8.81 2
0.081 2.993 8.757 3
0.122 3.022 8.724 2
0.122 3.053 8.707 3
0.131 3.062 8.685 2
0.155 3.098 8.685 3
0.169 3.098 8.702 2
0.244 3.125 8.717 3
0.291 3.141 8.736 2
0.346 3.17 8.767 3
0.349 3.134 8.786 2
0.37 3.153 8.784 3
0.378 3.175 8.803 2
0.358 3.144 8.815 3
0.32 3.098 8.784 2
0.246 3.079 8.781 3
0.189 3.058 8.726 2
0.184 3.06 8.724 2
0.177 3.105 8.762 3
0.177 3.12 8.724 2
0.114 3.139 8.69 3
0.102 3.136 8.664 2
0.138 3.163 8.599 3
0.162 3.117 8.528 2
0.169 3.084 8.468 3
0.071 3.139 8.41 2
-0.081 3.206 8.362 3
-0.201 3.259 8.307 2
-0.325 3.304 8.269 3
-0.351 3.321 8.248 2
-0.378 3.33 8.183 3
-0.356 3.335 8.097 2
-0.339 3.333 8.061 3
-0.294 3.309 8.006 2
-0.248 3.27 7.982 3
-0.196 3.23 7.913 2
-0.162 3.218 7.905 3
-0.098 3.215 7.896 2
-0.064 3.199 7.925 3
-0.045 3.192 7.982 2
-0.04 3.177 8.049 3
-0.055 3.184 8.133 2
-0.059 3.18 8.183 3
-0.057 3.201 8.252 2
-0.031 3.215 8.31 2
0.007 3.237 8.377 3
0.067 3.247 8.413 2
0.112 3.23 8.453 3
0.172 3.249 8.484 2
0.244 3.244 8.496 3
0.32 3.247 8.523 2
0.368 3.256 8.523 3
0.447 3.256 8.513 2
0.452 3.256 8.484 3
0.468 3.294 8.484 2
0.495 3.302 8.465 3
0.509 3.304 8.492 2
0.5 3.326 8.465 3
0.5 3.321 8.449 2
0.485 3.33 8.453 3
0.454 3.326 8.427 2
0.43 3.333 8.391 3
0.404 3.323 8.329 2
0.38 3.285 8.276 3
0.339 3.292 8.25 2
0.299 3.287 8.183 3
0.248 3.282 8.135 2
0.189 3.266 8.085 3
0.122 3.249 7.999 2
0.1 3.261 7.944 3
0.011 3.249 7.881 2
-0.055 3.203 7.774 2
-0.076 3.172 7.676 3
-0.107 3.153 7.616 2
-0.126 3.139 7.53 3
-0.145 3.153 7.546 2
-0.136 3.129 7.523 3
-0.136 3.144 7.578 2
-0.184 3.139 7.649 3
-0.198 3.146 7.747 2
-0.234 3.134 7.846 3
-0.267 3.122 7.984 2
-0.315 3.113 8.145 3
-0.313 3.134 8.322 2
-0.303 3.158 8.484 3
-0.301 3.139 8.628 2
-0.256 3.165 8.781 3
-0.215 3.163 8.884 2
-0.179 3.148 9.025 3
-0.117 3.136 9.121 2
-0.071 3.11 9.248 3
-0.045 3.125 9.327 2
0.026 3.12 9.425 3
0.09 3.12 9.504 2
0.126 3.084 9.583 3
0.203 3.084 9.631 2
0.251 3.134 9.616 2
0.358 3.127 9.602 3
0.44 3.136 9.547 2
0.497 3.156 9.487 3
0.55 3.156 9.427 2
0.576 3.16 9.308 3
0.622 3.18 9.248 2
0.662 3.163 9.15 3
0.662 3.158 9.087 2
0.653 3.139 9.025 3
0.638 3.139 8.982 2
0.626 3.11 8.944 3
0.591 3.089 8.903 2
0.545 3.091 8.886 3
0.509 3.074 8.817 2
0.468 3.074 8.815 3
0.404 3.081 8.788 2
0.361 3.053 8.772 3
0.275 3.05 8.767 2
0.234 3.046 8.748 3
0.184 3.019 8.731 2
0.126 2.991 8.705 3
0.074 2.957 8.709 2
0.057 2.909 8.726 3
0.033 2.885 8.76 2
-0.035 2.852 8.803 3
-0.057 2.825 8.843 2
-0.078 2.785 8.867 2
-0.098 2.785 8.93 3
-0.114 2.78 9.001 2
-0.078 2.758 9.085 3
-0.045 2.735 9.157 2
-0.007 2.723 9.248 3
0.059 2.718 9.305 2
0.114 2.727 9.396 3
0.191 2.708 9.449 2
0.277 2.708 9.511 3
0.356 2.682 9.556 2
0.411 2.663 9.604 3
0.454 2.706 9.6 2
0.519 2.756 9.621 3
0.521 2.797 9.65 2
0.512 2.83 9.7 3
0.531 2.876 9.705 2
0.528 2.916 9.714 3
0.547 2.943 9.681 2
0.595 2.971 9.652 3
0.614 3.002 9.604 2
0.638 3.005 9.523 3
0.646 2.998 9.439 2
0.672 3.041 9.334 3
0.689 3.048 9.257 2
0.693 3.086 9.159 2
0.681 3.096 9.047 3
0.681 3.11 8.994 2
0.658 3.141 8.882 3
0.641 3.141 8.817 2
0.619 3.115 8.767 3
0.605 3.127 8.738 2
0.579 3.11 8.748 3
0.543 3.096 8.784 2
0.533 3.06 8.822 3
0.526 3.048 8.894 2
0.524 3.005 8.965 3
0.514 2.991 9.03 2
0.504 2.952 9.09 3
0.495 2.947 9.147 2
0.471 2.912 9.214 3
0.473 2.897 9.276 2
0.459 2.9 9.348 3
0.425 2.878 9.406 2
0.397 2.883 9.458 3
0.368 2.88 9.482 2
0.356 2.873 9.506 3
0.344 2.89 9.53 2
0.37 2.902 9.468 3
0.378 2.914 9.477 2
0.404 2.907 9.458 3
0.43 2.921 9.418 2
0.457 2.928 9.425 3
0.483 2.945 9.377 2
0.516 2.981 9.32 2
0.552 3.005 9.296 3
0.574 3.024 9.212 2
0.588 3.058 9.169 3
0.569 3.091 9.114 2
0.562 3.11 9.08 3
0.576 3.134 9.047 2
0.557 3.165 8.992 3
0.555 3.182 8.944 2
0.538 3.196 8.901 3
0.526 3.215 8.841 2
0.526 3.22 8.772 3
0.512 3.235 8.709 2
0.507 3.249 8.673 3
0.533 3.249 8.618 2
0.507 3.232 8.621 3
0.521 3.213 8.563 2
0.528 3.182 8.566 3
0.543 3.165 8.578 2
0.559 3.11 8.573 3
0.567 3.098 8.614 2
0.612 3.05 8.652 3
0.595 3.024 8.7 2
0.602 2.998 8.736 3
0.588 2.995 8.824 2
0.6 2.962 8.891 2
0.552 2.947 8.953 3
0.507 2.924 9.047 2
0.49 2.935 9.15 3
0.464 2.94 9.238 2
0.437 2.94 9.339 3
0.409 2.943 9.444 2
0.382 2.902 9.552 3
0.351 2.883 9.623 2
0.327 2.885 9.707 3
0.32 2.868 9.748 2
0.33 2.871 9.767 3
0.323 2.859 9.793 2
0.313 2.871 9.777 3
0.318 2.857 9.757 2
0.303 2.873 9.734 3
0.325 2.876 9.722 2
0.303 2.876 9.693 3
0.315 2.864 9.626 2
0.306 2.861 9.595 3
0.291 2.871 9.556 2
0.27 2.878 9.509 3
0.263 2.892 9.408 2
0.265 2.926 9.312 3
0.282 2.935 9.231 2
0.294 2.979 9.064 3
0.32 3.002 8.982 2
0.323 3.014 8.836 2
0.311 3.031 8.733 3
0.339 3.065 8.628 2
0.346 3.058 8.563 3
0.349 3.093 8.499 2
0.375 3.086 8.429 3
0.346 3.093 8.384 2
0.378 3.093 8.386 3
0.373 3.098 8.343 2
0.361 3.062 8.358 3
0.366 3.055 8.386 2
0.337 3.034 8.47 3
0.334 3.017 8.518 2
0.315 2.971 8.616 3
0.308 2.962 8.717 2
0.33 2.974 8.839 3
0.32 2.947 8.963 2
0.342 2.943 9.107 3
0.387 2.926 9.221 2
0.416 2.895 9.336 3
0.435 2.904 9.494 2
0.483 2.83 9.619 3
0.509 2.849 9.75 2
0.55 2.847 9.86 3
0.562 2.83 9.901 2
0.586 2.837 9.987 3
0.605 2.835 10.025 2
0.605 2.864 10.061 2
0.593 2.876 10.095 3
0.598 2.902 10.109 2
0.576 2.897 10.116 3
0.559 2.895 10.124 2
0.571 2.885 10.102 3
0.55 2.861 10.059 2
0.533 2.878 10.047 3
0.516 2.885 9.992 2
0.48 2.883 9.934 3
0.44 2.895 9.848 2
0.428 2.94 9.767 3
0.411 2.947 9.65 2
0.404 2.952 9.535 3
0.37 2.947 9.427 2
0.368 2.94 9.312 3
0.356 2.94 9.205 2
0.346 2.957 9.102 3
0.332 2.959 8.994 2
0.337 2.955 8.92 3
0.344 2.955 8.812 2
0.368 2.979 8.774 3
0.358 2.962 8.779 2
0.373 2.969 8.733 3
0.375 2.976 8.748 2
0.392 2.983 8.784 3
0.416 2.947 8.855 2
0.442 2.916 8.918 2
0.495 2.916 9.028 3
0.533 2.897 9.135 2
0.552 2.897 9.272 3
0.543 2.873 9.413 2
0.547 2.88 9.542 3
0.586 2.871 9.686 2
0.591 2.876 9.808 3
0.61 2.871 9.954 2
0.6 2.873 10.033 3
0.598 2.88 10.145 2
0.583 2.885 10.2 3
0.574 2.876 10.255 2
0.581 2.871 10.284 3
0.557 2.876 10.308 2
0.538 2.895 10.315 3
0.535 2.89 10.274 2
0.521 2.89 10.226 3
0.485 2.892 10.191 2
0.459 2.904 10.083 3
0.411 2.878 10.011 2
0.385 2.904 9.913 3
0.373 2.919 9.8 2
0.349 2.947 9.693 3
0.344 2.945 9.583 2
0.334 2.974 9.485 3
0.301 2.979 9.413 2
0.334 2.967 9.31 2
0.342 2.969 9.226 3
0.323 2.976 9.121 2
0.33 2.974 9.052 3
0.332 2.981 8.987 2
0.332 2.971 8.937 3
0.311 2.995 8.915 2
0.301 3.0 8.903 3
0.277 3.007 8.908 2
0.267 3.002 8.898 3
0.27 3.029 8.908 2
0.299 3.036 8.927 3
0.284 3.022 8.913 2
0.311 3.007 8.968 3
0.32 3.007 9.023 2
0.332 3.002 9.059 3
0.358 2.986 9.107 2
0.37 2.971 9.142 3
0.401 2.969 9.181 2
0.43 2.928 9.243 3
0.418 2.904 9.257 2
0.435 2.897 9.308 3
0.468 2.89 9.355 2
0.44 2.888 9.437 3
0.401 2.888 9.475 2
0.38 2.895 9.535 2
0.334 2.904 9.6 3
0.311 2.89 9.628 2
0.284 2.904 9.645 3
0.277 2.935 9.678 2
0.284 2.952 9.671 3
0.282 2.943 9.674 2
0.318 2.947 9.647 3
0.344 2.955 9.626 2
0.337 2.959 9.568 3
0.349 2.952 9.556 2
0.354 2.955 9.501 3
0.342 2.979 9.439 2
0.349 2.967 9.418 3
0.33 3.002 9.355 2
0.311 2.998 9.322 3
0.308 3.012 9.303 2
0.311 3.031 9.257 3
0.308 3.041 9.233 2
0.313 3.026 9.212 3
0.318 3.041 9.198 2
0.323 3.048 9.181 3
0.313 3.053 9.157 2
0.349 3.067 9.154 3
0.306 3.041 9.178 2
0.311 3.053 9.169 3
0.313 3.038 9.174 2
0.279 3.053 9.166 2
0.256 3.029 9.157 3
0.246 3.026 9.171 2
0.224 3.029 9.181 3
0.222 3.012 9.174 2
0.212 3.017 9.164 3
0.212 3.012 9.152 2
0.196 3.022 9.142 3
0.193 3.002 9.147 2
0.203 3.0 9.154 3
0.224 3.007 9.154 2
0.241 3.007 9.164 3
0.27 2.967 9.186 2
0.299 2.969 9.212 3
0.311 2.986 9.154 2
0.354 2.976 9.164 3
0.361 2.988 9.169 2
0.38 2.976 9.169 3
0.378 3.0 9.169 2
0.406 3.002 9.131 3
0.385 3.031 9.114 2
0.44 3.024 9.087 3
0.495 3.005 9.071 2
0.509 3.014 9.056 3
0.543 3.0 8.994 2
0.583 2.998 9.018 3
0.574 2.971 9.011 2
0.588 2.95 9.013 2
0.598 2.943 9.064 3
0.576 2.94 9.03 2
0.531 2.947 9.052 3
0.509 2.926 9.09 2
0.476 2.904 9.104 3
0.413 2.907 9.111 2
0.38 2.912 9.154 3
0.342 2.866 9.171 2
0.284 2.871 9.195 3
0.232 2.852 9.233 2
0.196 2.873 9.25 3
0.126 2.864 9.255 2
0.145 2.902 9.288 3
0.114 2.892 9.286 2
0.114 2.902 9.288 3
0.138 2.9 9.329 2
0.145 2.926 9.327 3
0.205 2.926 9.291 2
0.26 2.952 9.288 3
0.299 2.943 9.248 2
0.339 2.964 9.219 3
0.392 2.957 9.176 2
0.423 2.976 9.169 3
0.425 2.974 9.174 2
0.454 2.979 9.176 3
0.452 2.964 9.183 2
0.449 2.945 9.224 2
0.464 2.931 9.25 3
0.43 2.928 9.288 2
0.421 2.895 9.329 3
0.392 2.871 9.401 2
0.351 2.859 9.473 3
0.323 2.83 9.511 2
0.318 2.833 9.583 3
0.26 2.823 9.645 2
0.248 2.811 9.705 3
0.222 2.799 9.748 2
0.21 2.792 9.774 3
0.198 2.778 9.82 2
0.189 2.756 9.81 3
0.165 2.763 9.848 2
0.184 2.754 9.851 3
0.16 2.742 9.863 2
0.162 2.749 9.824 3
0.16 2.751 9.829 2
0.119 2.749 9.808 3
0.105 2.746 9.757 2
0.09 2.763 9.724 3
0.078 2.749 9.686 2
0.052 2.742 9.635 3
0.023 2.735 9.583 2
0.0 2.742 9.547 3
-0.002 2.754 9.523 2
-0.052 2.773 9.489 2
-0.059 2.813 9.442 3
-0.071 2.804 9.444 2
-0.083 2.837 9.418 3
-0.05 2.864 9.399 2
-0.045 2.876 9.384 3
0.021 2.914 9.351 2
0.035 2.931 9.37 3
0.083 2.94 9.363 2
0.141 2.964 9.365 3
0.193 2.979 9.391 2
0.265 2.979 9.401 3
0.272 2.998 9.422 2
0.303 3.01 9.458 3
0.32 3.038 9.454 2
0.366 3.024 9.516 3
0.38 3.024 9.537 2
0.397 3.043 9.566 3
0.394 3.06 9.597 2
0.416 3.036 9.616 3
0.406 3.048 9.647 2
0.37 3.055 9.674 3
0.392 3.072 9.662 2
0.368 3.072 9.664 3
0.382 3.079 9.652 2
0.378 3.103 9.643 3
0.385 3.105 9.638 2
0.378 3.091 9.626 2
0.387 3.079 9.595 3
0.356 3.05 9.597 2
0.366 3.055 9.576 3
0.332 3.0 9.616 2
0.291 3.017 9.607 3
0.282 3.012 9.602 2
0.251 3.005 9.631 3
0.215 3.022 9.667 2
0.201 3.0 9.71 3
0.181 3.01 9.722 2
0.155 3.01 9.779 3
0.153 2.995 9.82 2
0.145 2.998 9.87 3
0.117 2.981 9.891 2
0.105 2.986 9.913 3
0.114 2.974 9.911 2
0.093 2.971 9.911 3
0.069 2.986 9.901 2
0.069 2.981 9.891 3
0.05 2.981 9.848 2
0.009 2.991 9.827 3
-0.004 2.969 9.805 2
-0.007 2.991 9.731 3
-0.023 2.969 9.724 2
0.016 2.947 9.681 2
0.028 2.94 9.662 3
0.057 2.95 9.635 2
0.086 2.955 9.59 3
0.105 2.974 9.576 2
0.136 2.945 9.537 3
0.169 2.967 9.54 2
0.198 2.983 9.537 3
0.203 2.986 9.544 2
0.239 2.998 9.561 3
0.246 3.041 9.578 2
0.244 3.038 9.614 3
0.26 3.043 9.635 2
0.248 3.048 9.647 3
0.277 3.058 9.678 2
0.294 3.077 9.678 3
0.294 3.053 9.662 2
0.311 3.046 9.635 3
0.334 3.036 9.609 2
0.32 3.043 9.571 3
0.327 3.046 9.523 2
0.311 3.038 9.482 3
0.299 3.014 9.458 2
0.256 3.012 9.434 3
0.217 3.002 9.42 2
0.186 2.991 9.394 3
0.162 2.983 9.372 2
0.122 2.967 9.384 3
0.086 2.931 9.396 2
0.076 2.928 9.413 2
0.057 2.921 9.43 3
0.021 2.888 9.415 2
-0.004 2.888 9.439 3
-0.05 2.852 9.442 2
-0.069 2.825 9.442 3
-0.086 2.835 9.463 2
-0.129 2.825 9.473 3
-0.145 2.821 9.48 2
-0.179 2.816 9.497 3
-0.196 2.792 9.535 2
-0.193 2.809 9.583 3
-0.208 2.806 9.597 2
-0.169 2.833 9.628 3
-0.155 2.825 9.647 2
-0.143 2.861 9.638 3
-0.114 2.88 9.645 2
-0.062 2.888 9.655 3
-0.026 2.883 9.667 2
0.011 2.919 9.664 3
0.057 2.938 9.686 2
0.086 2.94 9.69 3
0.114 2.967 9.669 2
0.157 2.991 9.645 3
0.201 2.991 9.611 2
0.256 3.024 9.561 2
0.27 3.06 9.537 3
0.299 3.077 9.547 2
0.306 3.096 9.516 3
0.296 3.108 9.511 2
0.277 3.105 9.497 3
0.263 3.12 9.466 2
0.236 3.122 9.439 3
0.21 3.16 9.387 2
0.181 3.163 9.394 3
0.126 3.177 9.449 2
0.071 3.177 9.544 3
0.023 3.18 9.64 2
-0.021 3.18 9.705 3
-0.052 3.235 9.781 2
-0.069 3.261 9.812 3
-0.057 3.29 9.863 2
-0.055 3.318 9.918 3
-0.057 3.376 9.946 2
-0.014 3.407 9.939 3
0.014 3.424 9.925 2
0.045 3.393 9.858 3
0.069 3.397 9.765 2
0.117 3.407 9.659 3
0.165 3.39 9.511 2
0.222 3.4 9.327 3
0.263 3.412 9.169 2
0.301 3.421 8.908 2
0.315 3.416 8.654 3
0.375 3.397 8.391 2
0.401 3.373 8.104 3
0.423 3.321 7.91 2
0.449 3.259 7.702 3
0.404 3.17 7.537 2
0.385 3.055 7.391 3
0.354 2.904 7.283 2
0.38 2.701 7.171 3
0.409 2.419 6.979 2
0.421 2.091 6.771 3
0.449 1.751 6.446 2
0.461 1.385 6.034 3
0.332 1.392 5.682 2
0.21 1.256 4.888 3
-0.031 0.667 4.029 2
-0.323 0.145 3.055 3
-0.277 -0.315 2.002 2
-0.057 -0.433 1.249 3
-0.004 -0.516 0.677 2
-0.023 -0.375 0.356 3
-0.177 -0.095 0.107 2
-0.179 -0.081 0.023 3
-0.095 -0.033 0.007 2
-0.035 0.064 0.031 2
-0.023 0.067 0.028 3
-0.026 0.055 0.035 2
-0.043 0.052 0.033 3
-0.031 0.05 0.035 2
-0.035 0.062 0.057 3
-0.026 0.045 0.023 2
-0.016 0.052 0.023 3
-0.035 0.071 0.033 2
-0.026 0.062 0.038 3
-0.019 0.057 0.023 2
-0.023 0.057 0.031 3
-0.026 0.064 0.04 2
-0.035 0.059 0.05 3
-0.014 0.064 0.043 2
-0.04 0.064 0.047 3
-0.043 0.05 0.071 2
-0.035 0.071 0.043 3
-0.004 0.071 0.031 2
-0.019 0.064 0.059 3
-0.028 0.076 0.059 2
-0.028 0.057 0.055 3
-0.028 0.052 0.069 2
-0.021 0.045 0.062 3
-0.021 0.062 0.076 2
-0.023 0.071 0.078 3
-0.016 0.052 0.074 2
-0.026 0.055 0.069 3
-0.028 0.057 0.093 2
-0.026 0.05 0.083 2
-0.026 0.064 0.074 3
-0.026 0.064 0.078 2
-0.05 0.057 0.071 3
-0.04 0.05 0.076 2
-0.028 0.059 0.088 3
-0.023 0.069 0.107 2
-0.028 0.057 0.071 3
-0.047 0.069 0.095 2
-0.031 0.059 0.107 3
-0.038 0.057 0.11 2
-0.019 0.055 0.105 3
-0.019 0.059 0.11 2
-0.028 0.05 0.124 3
-0.009 0.062 0.112 2
-0.026 0.045 0.11 3
-0.019 0.059 0.148 2
-0.014 0.043 0.15 3
-0.035 0.031 0.134 2
-0.038 0.062 0.136 3
-0.05 0.047 0.15 2
-0.009 0.067 0.138 3
-0.031 0.059 0.141 2
-0.031 0.059 0.153 3
-0.019 0.033 0.169 2
-0.009 0.04 0.172 2
-0.007 0.043 0.15 3
-0.038 0.043 0.165 2
-0.016 0.05 0.169 3
-0.019 0.04 0.143 2
-0.045 0.052 0.179 3
-0.031 0.05 0.186 2
-0.026 0.043 0.186 3
-0.023 0.047 0.169 2
-0.028 0.052 0.184 3
-0.057 0.043 0.189 2
-0.026 0.057 0.203 3
-0.019 0.043 0.208 2
-0.023 0.052 0.217 3
-0.021 0.038 0.21 2
-0.031 0.043 0.232 3
-0.033 0.055 0.222 2
-0.031 0.052 0.201 3
-0.023 0.055 0.229 2
-0.035 0.045 0.251 3
-0.026 0.05 0.229 2
-0.033 0.021 0.248 3
-0.038 0.028 0.26 2
-0.04 0.04 0.253 3
-0.009 0.057 0.244 2
-0.023 0.047 0.275 3
-0.021 0.035 0.277 2
-0.019 0.043 0.275 2
-0.043 0.031 0.282 3
-0.033 0.026 0.277 2
-0.04 0.045 0.291 3
-0.043 0.031 0.289 2
-0.011 0.047 0.287 3
-0.026 0.052 0.318 2
-0.035 0.052 0.311 3
-0.031 0.035 0.318 2
-0.038 0.035 0.313 3
-0.023 0.026 0.337 2
-0.026 0.04 0.339 3
-0.038 0.011 0.334 2
-0.016 0.028 0.332 3
-0.04 0.023 0.351 2
-0.038 0.035 0.349 3
-0.021 0.031 0.366 2
-0.035 0.04 0.373 3
-0.021 0.038 0.363 2
-0.014 0.026 0.38 3
-0.035 0.04 0.378 2
-0.026 0.026 0.404 3
-0.021 0.021 0.401 2
-0.045 0.028 0.397 3
-0.026 0.026 0.413 2
-0.023 0.043 0.399 2
-0.014 0.052 0.413 3
-0.031 0.035 0.425 2
-0.009 0.019 0.435 3
-0.019 0.007 0.399 2
-0.033 0.023 0.425 3
-0.038 0.035 0.425 2
-0.028 0.052 0.433 3
-0.028 0.04 0.433 2
-0.035 0.028 0.428 3
-0.04 0.011 0.442 2
-0.004 0.009 0.473 3
-0.026 0.016 0.452 2
-0.033 0.023 0.471 3
-0.007 0.033 0.478 2
-0.033 0.028 0.495 3
-0.031 0.031 0.516 2
-0.009 0.023 0.509 3
-0.04 0.019 0.538 2
-0.026 0.019 0.516 3
-0.014 0.016 0.543 2
-0.033 0.043 0.54 3
-0.016 0.021 0.538 2
-0.028 0.002 0.543 3
-0.007 0.031 0.547 2
-0.007 0.021 0.55 3
-0.023 0.019 0.593 2
-0.016 0.004 0.586 3
-0.038 0.023 0.579 2
0.0 0.009 0.574 2
-0.014 0.016 0.576 3
-0.026 -0.007 0.591 2
-0.023 -0.016 0.593 3
-0.023 -0.016 0.612 2
-0.043 -0.028 0.602 3
1.217 5.032 -19.152 2
2.306 25.045 -70.485 3
5.893 36.856 -73.241 2
-2.562 5.216 24.315 3
15.256 -8.508 78.398 2
33.611 -13.301 58.147 3
15.457 -26.921 19.846 2
8.685 -35.837 33.683 3
14.153 -41.398 35.82 2
15.797 -45.777 45.013 3
12.203 -48.653 47.253 2
8.606 -45.946 47.205 3
8.573 -41.008 47.461 2
9.363 -37.162 49.354 3
9.525 -33.221 48.473 2
8.662 -29.804 45.028 3
7.066 -26.371 39.943 2
5.328 -23.155 31.374 3
3.378 -20.054 22.932 2
1.473 -17.304 13.43 2
-0.071 -15.397 6.195 3
-0.854 -14.275 1.567 2
2.806 -18.137 0.507 3
74.78 -77.405 71.988 2
46.786 -59.277 -13.294 3
0.583 -3.694 2.522 2
-2.323 0.736 -5.426 3
-2.77 0.289 1.71 2
-2.603 0.399 0.619 3
-2.495 0.354 -2.981 2
-3.089 0.325 2.27 3
-2.321 0.232 -1.744 2
-3.347 0.315 -0.289 3
-2.471 0.062 0.88 2
-3.383 0.306 -1.741 3
-2.723 0.009 0.811 2
-3.467 0.153 -0.689 3
-2.912 -0.028 -0.483 2
-3.639 0.031 0.26 3
-3.069 -0.117 -0.835 2
-3.73 -0.083 0.162 3
-3.275 -0.227 -0.392 2
-3.771 -0.143 -0.301 3
-3.543 -0.375 -0.055 2
-3.826 -0.282 -0.409 3
-3.768 -0.5 -0.057 2
-3.893 -0.435 -0.229 2
-3.981 -0.629 -0.258 3
-3.991 -0.595 -0.035 2
-4.161 -0.772 -0.356 3
-4.091 -0.744 0.014 2
-4.287 -0.909 -0.308 3
-4.223 -0.916 -0.026 2
-4.438 -1.064 -0.191 3
-4.321 -1.052 -0.074 2
-4.56 -1.229 -0.15 3
-4.472 -1.227 -0.107 2
-4.63 -1.363 -0.15 3
-4.591 -1.395 -0.093 2
-4.682 -1.545 -0.157 3
-4.701 -1.562 -0.074 2
-4.742 -1.684 -0.134 3
-4.788 -1.722 -0.095 2
-4.809 -1.825 -0.124 3
-4.898 -1.895 -0.107 2
-4.857 -2.014 -0.131 3
-4.993 -2.038 -0.157 2
-4.907 -2.117 -0.165 3
-5.041 -2.182 -0.215 2
-4.953 -2.27 -0.169 3
-5.12 -2.337 -0.227 2
-5.001 -2.411 -0.201 3
-5.166 -2.476 -0.258 2
-5.065 -2.538 -0.234 2
-5.161 -2.586 -0.279 3
-5.091 -2.667 -0.282 2
-5.187 -2.72 -0.287 3
-5.12 -2.77 -0.272 2
-5.201 -2.809 -0.279 3
-5.168 -2.861 -0.287 2
-5.194 -2.907 -0.287 3
-5.19 -2.967 -0.313 2
-5.194 -2.974 -0.287 3
-5.199 -3.007 -0.315 2
-5.19 -3.046 -0.287 3
-5.199 -3.062 -0.318 2
-5.185 -3.093 -0.301 3
-5.213 -3.096 -0.337 2
-5.201 -3.096 -0.289 3
-5.216 -3.115 -0.344 2
-5.201 -3.129 -0.313 3
-5.211 -3.132 -0.346 2
-5.187 -3.146 -0.351 3
-5.201 -3.129 -0.361 2
-5.19 -3.125 -0.339 3
-5.197 -3.101 -0.368 2
-5.149 -3.084 -0.356 3
-5.18 -3.086 -0.351 2
-5.146 -3.06 -0.392 2
-2.242 -8.647 -22.459 3
53.295 -53.333 -78.345 2
56.937 -51.505 -43.551 3
12.758 -19.314 -4.56 2
1.062 -10.604 5.85 3
-0.698 -8.532 7.532 2
-1.311 -5.472 1.682 3
-1.404 -3.34 4.017 2
-1.966 -1.574 0.078 3
-5.268 4.522 39.629 2
-8.185 20.956 45.769 3
-3.048 1.083 2.711 2
-2.031 -3.605 -3.247 3
12.576 -5.082 -37.907 2
43.274 -4.924 -51.821 3
27.866 -0.794 -35.468 2
7.881 4.938 -24.488 3
8.073 2.818 -33.669 2
8.705 1.272 -72.469 3
5.132 1.098 -77.802 2
2.83 1.797 -37.866 3
0.614 1.789 -9.724 2
-0.44 1.366 1.261 3
-0.906 1.636 -1.947 2
-0.715 1.919 -1.127 3
-1.153 2.096 0.854 2
-0.567 2.151 -1.847 2
-0.823 1.859 0.612 3
-0.411 1.689 -0.22 2
-0.631 1.548 -0.729 3
-0.397 1.426 0.65 2
-0.507 1.416 -0.775 3
-0.361 1.373 0.174 2
-0.504 1.146 -1.942 3
-1.483 0.263 -12.667 2
-2.617 -1.359 -28.326 3
-0.495 -2.234 -27.433 2
1.323 -1.328 -13.11 3
1.079 -0.411 -5.711 2
0.492 -0.071 -3.706 3
-0.703 -0.196 -4.563 2
-2.22 -0.756 -8.946 3
-3.615 -1.672 -14.127 2
-2.718 -2.076 -13.67 3
-1.119 -1.966 -9.341 2
0.222 -1.505 -5.843 3
0.409 -1.098 -4.675 2
0.653 -0.945 -4.62 3
0.768 -1.143 -5.68 2
1.227 -1.588 -7.448 3
1.823 -2.1 -9.255 2
2.689 -2.656 -10.657 3
3.163 -2.909 -11.325 2
3.297 -2.902 -11.602 2
3.27 -2.718 -11.667 3
3.244 -2.519 -11.748 2
3.189 -2.196 -11.971 3
3.093 -1.799 -12.65 2
2.804 -1.548 -14.835 3
2.072 -1.933 -19.649 2
0.775 -2.21 -25.746 3
-0.27 -1.763 -28.539 2
0.083 -0.528 -23.49 3
0.502 0.878 -15.148 2
0.674 1.753 -9.619 3
0.792 2.175 -7.329 2
0.969 2.273 -6.733 3
1.028 2.033 -6.707 2
1.179 1.753 -6.623 3
1.313 1.452 -6.388 2
1.507 1.16 -6.221 3
1.663 0.799 -6.18 2
1.828 0.315 -6.037 3
1.864 -0.421 -4.132 2
1.938 -1.16 -0.339 3
2.325 -1.246 0.909 2
3.091 -0.526 -1.935 3
3.833 -0.078 -4.139 2
4.433 -0.107 -5.29 3
5.067 -0.466 -5.819 2
5.422 -0.844 -6.204 2
5.403 -1.095 -6.171 3
4.989 -1.191 -6.099 2
4.378 -1.182 -5.994 3
3.708 -1.098 -6.001 2
3.103 -0.918 -6.113 3
2.691 -0.715 -6.13 2
2.553 -0.569 -6.278 3
2.555 -0.421 -6.405 2
2.656 -0.236 -6.599 3
2.749 -0.098 -6.807 2
2.794 0.052 -7.092 3
2.794 0.208 -7.35 2
2.782 0.323 -7.602 3
2.639 0.378 -8.013 2
2.45 0.265 -8.75 3
2.203 0.093 -9.858 2
1.916 -0.105 -11.583 3
1.667 -0.134 -13.21 2
1.636 0.007 -14.45 3
1.756 0.236 -15.708 2
1.749 0.421 -17.304 3
1.569 0.495 -18.386 2
1.332 0.624 -18.472 3
1.127 0.832 -17.381 2
0.811 0.983 -15.85 3
0.413 1.229 -14.749 2
0.009 1.538 -14.031 2
-0.246 1.878 -13.56 3
-0.392 2.074 -13.328 2
-0.382 2.179 -13.201 3
-0.296 2.175 -13.275 2
-0.112 2.062 -13.421 3
0.055 1.88 -13.476 2
0.196 1.686 -13.524 3
0.189 1.56 -13.44 2
0.253 1.371 -13.103 3
0.454 1.107 -12.677 2
0.638 0.768 -12.435 3
0.856 0.373 -12.289 2
1.076 0.009 -12.114 3
1.205 -0.392 -11.619 2
1.227 -0.94 -6.975 3
0.837 -1.105 6.173 2
0.705 -0.715 4.086 3
1.414 -0.145 -2.854 2
2.127 -0.279 -6.41 3
3.038 -0.794 -7.398 2
3.955 -1.462 -9.253 3
4.929 -2.041 -12.696 2
5.687 -2.569 -15.101 3
6.154 -2.964 -16.345 2
5.759 -3.105 -14.459 3
4.814 -2.837 -12.758 2
3.828 -2.488 -12.138 2
3.05 -2.201 -11.641 3
2.529 -1.926 -10.753 2
2.289 -1.667 -7.228 3
2.254 -1.074 -3.933 2
2.22 -0.445 -4.603 3
2.206 -0.138 -5.84 2
2.445 -0.086 -7.657 3
2.818 -0.138 -10.088 2
3.347 -0.169 -12.928 3
3.967 -0.136 -14.055 2
4.311 -0.134 -12.502 3
4.182 -0.078 -11.143 2
3.979 0.0 -11.133 3
3.833 0.129 -11.619 2
3.665 0.263 -11.705 3
3.577 0.461 -11.801 2
3.483 0.708 -12.222 3
3.483 0.861 -12.713 2
3.438 1.0 -13.328 3
3.414 1.048 -13.603 2
3.488 1.081 -13.811 3
3.605 1.062 -13.801 2
3.73 1.002 -13.591 3
3.806 0.839 -13.191 2
3.718 0.677 -12.49 3
3.608 0.476 -11.791 2
3.565 0.294 -11.054 2
3.591 0.15 -10.406 3
3.704 -0.021 -9.772 2
3.857 -0.181 -9.15 3
4.027 -0.313 -8.602 2
4.12 -0.404 -8.149 3
4.177 -0.459 -7.7 2
4.208 -0.495 -6.982 3
4.101 -0.571 -5.68 2
3.857 -0.684 -4.125 3
3.692 -0.758 -2.931 2
3.739 -0.806 -2.49 3
4.098 -0.885 -2.868 2
4.943 -0.827 -4.055 3
6.13 -0.703 -5.501 2
7.262 -0.567 -6.259 3
7.884 -0.478 -6.329 2
8.157 -0.459 -6.276 3
8.226 -0.457 -6.206 2
8.298 -0.538 -6.281 3
8.456 -0.612 -6.496 2
9.296 -0.61 -6.79 3
9.92 -1.395 -7.829 2
9.968 -1.301 -8.513 3
10.226 -0.839 -10.619 2
10.126 -1.141 -12.677 2
10.023 -0.287 -8.827 3
7.958 0.095 -5.649 2
6.233 -0.65 -4.031 3
5.259 -1.162 -3.766 2
4.689 -1.426 -2.711 3
4.78 -1.469 -2.744 2
5.391 -1.509 -2.907 3
6.424 -1.66 -3.192 2
7.372 -1.507 -3.488 3
8.3 -0.957 -3.443 2
8.882 -0.356 -3.952 3
8.547 -0.339 -4.261 2
8.403 -0.186 -4.278 3
7.989 0.098 -4.067 2
7.156 0.067 -4.055 3
6.113 -0.071 -4.228 2
5.51 -0.055 -3.917 3
5.254 -0.031 -4.043 2
5.443 0.098 -4.015 3
5.704 0.169 -4.261 2
6.084 0.031 -4.835 3
6.264 -0.1 -4.948 2
6.508 -0.165 -5.079 3
7.317 -0.277 -5.199 2
8.085 -0.358 -5.355 3
7.106 -0.282 -4.328 2
5.56 -0.241 -3.27 2
4.187 -0.263 -2.526 3
3.218 -0.244 -1.823 2
2.158 -0.246 -1.115 3
0.978 -0.172 -0.521 2
0.665 -0.086 -0.208 3
0.801 0.212 0.418 2
1.308 0.954 1.21 3
2.148 2.043 2.347 2
3.39 2.883 3.227 3
4.299 2.751 3.192 2
5.17 2.117 2.366 3
6.616 1.622 1.768 2
9.384 1.265 1.524 3
13.646 0.827 1.586 2
18.108 0.492 1.931 3
19.015 0.461 2.522 2
13.962 0.662 3.007 3
9.064 0.658 3.017 2
6.776 0.533 3.115 3
5.984 0.442 3.515 2
5.924 0.413 4.11 3
5.986 0.43 4.855 2
5.967 0.445 5.733 3
6.396 0.162 8.338 2
6.714 -0.33 11.533 3
7.202 -0.882 15.117 2
7.171 -1.052 16.39 2
6.355 -0.792 14.715 3
5.819 -0.545 12.669 2
5.534 -0.442 11.294 3
5.257 -0.48 10.375 2
4.833 -0.459 9.31 3
4.493 -0.378 8.341 2
4.46 -0.186 7.305 3
4.689 0.11 6.321 2
5.321 0.49 5.618 3
6.168 0.806 5.134 2
7.118 0.897 4.96 3
8.068 0.815 4.883 2
9.138 0.689 4.953 3
10.069 0.483 5.032 2
10.54 0.342 5.075 3
10.195 0.239 4.941 2
9.171 0.239 4.694 3
7.963 0.308 4.45 2
7.274 0.368 4.292 3
6.874 0.457 4.194 2
6.618 0.528 4.113 3
6.439 0.574 4.007 2
6.36 0.614 3.912 3
6.384 0.591 3.802 2
6.484 0.545 3.783 3
6.589 0.459 3.775 2
6.606 0.356 3.766 2
6.561 0.234 3.828 3
6.589 0.021 3.943 2
6.498 -0.153 4.0 3
6.326 -0.258 4.118 2
6.135 -0.447 4.414 3
6.149 -0.734 5.213 2
6.604 -1.091 6.553 3
7.08 -1.366 7.697 2
6.951 -1.349 8.257 3
6.044 -1.143 8.52 2
4.685 -0.868 8.616 3
3.754 -0.626 8.949 2
3.431 -0.49 9.59 3
3.275 -0.428 10.6 2
3.235 -0.387 11.703 3
3.342 -0.337 12.885 2
3.443 -0.368 13.935 3
3.531 -0.382 14.624 2
3.512 -0.375 14.802 3
3.388 -0.38 14.624 2
3.5 -0.406 14.218 3
3.735 -0.433 13.71 2
3.945 -0.454 13.095 3
4.187 -0.48 12.55 2
4.354 -0.521 12.119 2
4.405 -0.538 11.758 3
4.455 -0.557 11.389 2
4.594 -0.514 11.124 3
4.67 -0.394 10.81 2
4.778 -0.157 10.533 3
4.967 0.138 10.451 2
5.067 0.418 10.346 3
5.065 0.725 10.265 2
5.084 0.995 10.183 3
5.094 1.146 10.085 2
5.01 1.201 9.887 3
5.012 1.127 9.604 2
5.051 0.94 9.226 3
5.091 0.708 8.798 2
5.039 0.39 8.37 3
5.027 0.191 8.02 2
4.998 -0.033 7.735 3
5.022 -0.26 7.539 2
5.065 -0.483 7.475 3
5.089 -0.753 7.532 2
5.154 -1.021 7.666 3
5.182 -1.205 7.884 2
5.13 -1.21 8.109 3
5.067 -1.205 8.26 2
5.06 -1.146 8.446 3
5.029 -1.04 8.585 2
4.972 -0.961 8.688 2
4.902 -0.835 8.796 3
4.869 -0.686 8.951 2
4.792 -0.607 9.099 3
4.733 -0.519 9.221 2
4.649 -0.464 9.31 3
4.527 -0.394 9.365 2
4.522 -0.334 9.418 3
4.512 -0.251 9.528 2
4.426 -0.229 9.585 3
4.426 -0.217 9.657 2
4.371 -0.263 9.643 3
4.319 -0.318 9.573 2
4.244 -0.425 9.494 3
4.139 -0.533 9.375 2
4.108 -0.624 9.343 3
4.082 -0.641 9.401 2
4.086 -0.636 9.583 3
4.177 -0.579 9.827 2
4.304 -0.504 10.2 3
4.445 -0.447 10.59 2
4.622 -0.413 10.944 3
4.807 -0.433 11.176 2
4.883 -0.533 11.286 3
4.922 -0.691 11.231 2
4.898 -0.844 11.133 2
4.84 -1.071 11.04 3
4.716 -1.258 10.98 2
4.558 -1.454 10.961 3
4.357 -1.555 11.023 2
4.132 -1.655 11.2 3
3.945 -1.686 11.375 2
3.723 -1.744 11.605 3
3.536 -1.811 11.772 2
3.352 -1.94 11.968 3
3.22 -2.088 12.098 2
3.089 -2.299 12.131 3
2.952 -2.495 12.131 2
2.804 -2.653 12.069 3
2.603 -2.77 11.921 2
2.421 -2.876 11.815 3
2.289 -2.95 11.727 2
2.268 -3.069 11.698 3
2.344 -3.146 11.669 2
2.251 -3.062 11.751 3
2.108 -2.955 11.861 2
2.0 -2.811 11.956 3
1.928 -2.622 12.011 2
1.887 -2.445 12.023 3
1.816 -2.227 12.016 2
1.789 -2.031 11.918 3
1.682 -1.813 11.846 2
1.596 -1.603 11.698 3
1.552 -1.404 11.523 2
1.339 -1.141 11.334 2
1.17 -0.937 11.109 3
0.949 -0.768 10.92 2
0.722 -0.583 10.743 3
0.495 -0.416 10.652 2
0.232 -0.246 10.602 3
-0.035 -0.059 10.609 2
-0.258 0.086 10.66 3
-0.44 0.22 10.746 2
-0.555 0.39 10.899 3
-0.626 0.519 11.064 2
-0.574 0.612 11.265 3
-0.433 0.667 11.385 2
-0.22 0.665 11.473 3
0.035 0.591 11.473 2
0.313 0.468 11.377 3
0.583 0.308 11.253 2
0.823 0.088 11.124 3
1.007 -0.145 11.021 2
1.143 -0.392 10.963 3
1.215 -0.591 10.99 2
1.244 -0.753 11.018 3
1.241 -0.882 11.088 2
1.155 -0.957 11.174 3
1.071 -1.007 11.251 2
0.928 -1.024 11.334 2
0.806 -1.021 11.361 3
0.624 -1.031 11.416 2
0.406 -0.983 11.526 3
0.165 -0.959 11.705 2
-0.033 -0.849 11.928 3
-0.212 -0.734 12.107 2
-0.313 -0.653 12.323 3
-0.38 -0.586 12.449 2
-0.406 -0.538 12.54 3
-0.452 -0.512 12.612 2
-0.526 -0.48 12.744 3
-0.595 -0.409 12.894 2
-0.662 -0.392 13.143 3
-0.669 -0.337 13.375 2
-0.653 -0.296 13.586 3
-0.658 -0.291 13.765 2
-0.636 -0.323 13.907 3
-0.591 -0.404 13.988 2
-0.48 -0.502 14.055 3
-0.349 -0.598 14.05 2
-0.172 -0.696 14.108 3
-0.033 -0.784 14.124 2
0.131 -0.878 14.117 3
0.267 -0.954 14.129 2
0.387 -0.99 14.065 3
0.516 -1.026 14.014 2
0.607 -1.062 13.978 2
0.741 -1.088 13.878 3
0.851 -1.079 13.773 2
0.964 -1.071 13.667 3
1.093 -1.052 13.555 2
1.182 -0.995 13.406 3
1.32 -0.93 13.299 2
1.426 -0.856 13.165 3
1.505 -0.792 13.062 2
1.591 -0.727 12.961 3
1.629 -0.667 12.844 2
1.691 -0.607 12.758 3
1.706 -0.571 12.66 2
1.706 -0.521 12.588 3
1.72 -0.478 12.473 2
1.694 -0.459 12.38 3
1.71 -0.461 12.308 2
1.691 -0.471 12.284 3
1.663 -0.466 12.241 2
1.619 -0.478 12.229 3
1.574 -0.5 12.177 2
1.521 -0.516 12.129 3
1.435 -0.567 12.067 2
1.397 -0.579 11.99 3
1.325 -0.617 11.93 2
1.27 -0.631 11.856 3
1.217 -0.65 11.741 2
1.182 -0.684 11.665 2
1.158 -0.686 11.571 3
1.155 -0.696 11.487 2
1.117 -0.708 11.404 3
1.103 -0.693 11.327 2
1.079 -0.72 11.27 3
1.074 -0.741 11.21 2
1.052 -0.734 11.148 3
1.033 -0.722 11.136 2
1.134 -0.658 11.112 3
1.651 -0.547 11.059 2
2.184 -0.411 10.918 3
2.237 -0.349 10.722 2
1.82 -0.287 10.518 3
1.459 -0.234 10.346 2
1.284 -0.169 10.279 3
1.253 -0.138 10.243 2
1.308 -0.131 10.243 3
1.359 -0.11 10.279 2
1.409 -0.131 10.281 3
1.45 -0.093 10.305 2
1.502 -0.114 10.327 3
1.572 -0.119 10.325 2
1.689 -0.083 10.293 3
1.799 -0.074 10.248 2
1.871 -0.052 10.181 3
1.816 -0.04 10.133 2
1.744 -0.002 10.08 2
1.607 0.033 10.037 3
1.438 0.038 9.997 2
1.265 0.035 10.006 3
1.165 0.009 10.023 2
1.05 0.009 10.001 3
1.012 0.0 10.009 2
1.012 -0.069 10.011 3
0.988 -0.093 10.03 2
0.988 -0.095 10.011 3
0.928 -0.167 9.925 2
0.885 -0.239 9.832 3
0.806 -0.308 9.712 2
0.799 -0.38 9.611 3
0.803 -0.413 9.525 2
0.803 -0.48 9.473 3
0.823 -0.54 9.468 2
0.803 -0.574 9.513 3
0.741 -0.6 9.573 2
0.677 -0.581 9.669 3
0.512 -0.543 9.731 2
0.327 -0.49 9.8 3
0.165 -0.514 9.889 2
0.028 -0.514 9.978 3
-0.141 -0.464 10.033 2
-0.318 -0.373 10.069 2
-0.445 -0.287 10.131 3
-0.533 -0.229 10.138 2
-0.591 -0.131 10.136 3
-0.629 -0.067 10.1 2
-0.66 -0.011 10.045 3
-0.672 0.05 9.966 2
-0.72 0.093 9.882 3
-0.76 0.157 9.81 2
-0.813 0.191 9.724 3
-0.842 0.203 9.655 2
-0.844 0.224 9.556 3
-0.818 0.205 9.497 2
-0.768 0.177 9.434 3
-0.705 0.155 9.401 2
-0.626 0.069 9.389 3
-0.545 -0.014 9.401 2
-0.44 -0.098 9.382 3
-0.354 -0.189 9.375 2
-0.248 -0.289 9.367 3
-0.131 -0.423 9.363 2
-0.059 -0.557 9.351 3
0.011 -0.643 9.332 2
0.05 -0.768 9.312 3
0.124 -0.878 9.272 2
0.153 -1.0 9.276 3
0.279 -1.074 9.262 2
0.447 -1.15 9.288 2
0.562 -1.167 9.341 3
0.674 -1.179 9.403 2
0.744 -1.155 9.468 3
0.758 -1.098 9.547 2
0.717 -1.055 9.623 3
0.643 -0.969 9.667 2
0.574 -0.859 9.743 3
0.495 -0.744 9.796 2
0.342 -0.629 9.925 3
0.366 -0.452 10.059 2
0.382 -0.284 10.133 3
0.392 -0.117 10.296 2
0.418 0.009 10.384 3
0.418 0.131 10.461 2
0.413 0.234 10.511 3
0.382 0.313 10.557 2
0.33 0.385 10.516 3
0.366 0.464 10.487 2
0.416 0.54 10.447 3
0.452 0.593 10.423 2
0.473 0.598 10.301 3
0.519 0.631 10.217 2
0.595 0.684 10.128 3
0.658 0.725 10.033 2
0.744 0.746 9.966 3
0.78 0.756 9.932 2
0.823 0.713 9.86 2
0.861 0.672 9.839 3
0.827 0.629 9.786 2
0.789 0.547 9.791 3
0.744 0.442 9.736 2
0.691 0.344 9.731 3
0.576 0.239 9.722 2
0.48 0.131 9.719 3
0.354 0.0 9.736 2
0.227 -0.105 9.753 3
0.074 -0.191 9.779 2
-0.062 -0.299 9.851 3
-0.126 -0.33 9.915 2
-0.122 -0.354 10.14 3
-0.165 -0.351 10.327 2
-0.27 -0.301 10.317 3
-0.397 -0.265 10.286 2
-0.552 -0.179 10.193 3
-0.715 -0.157 10.076 2
-0.847 -0.105 9.887 3
-1.036 -0.1 9.734 2
-1.136 -0.074 9.552 3
-1.232 -0.064 9.413 2
-1.272 -0.035 9.322 3
-1.316 -0.026 9.286 2
-1.33 0.033 9.293 3
-1.328 0.067 9.31 2
-1.265 0.105 9.384 2
-1.215 0.155 9.485 3
-1.158 0.196 9.583 2
-1.05 0.272 9.655 3
-0.966 0.313 9.674 2
-0.863 0.368 9.652 3
-0.72 0.382 9.635 2
-0.576 0.394 9.511 3
-0.437 0.404 9.399 2
-0.284 0.418 9.238 3
-0.138 0.392 9.061 2
-0.002 0.406 8.903 3
0.114 0.387 8.685 2
0.222 0.382 8.48 3
0.282 0.37 8.279 2
0.332 0.37 8.169 3
0.358 0.342 8.025 2
0.385 0.373 8.008 3
0.394 0.382 8.015 2
0.363 0.38 8.047 3
0.311 0.38 8.047 2
0.258 0.38 8.114 3
0.196 0.435 8.219 2
0.136 0.483 8.269 3
0.076 0.521 8.307 2
0.007 0.543 8.37 3
-0.069 0.602 8.348 2
-0.095 0.65 8.367 2
-0.143 0.708 8.403 3
-0.189 0.78 8.422 2
-0.241 0.803 8.408 3
-0.236 0.878 8.391 2
-0.27 0.914 8.36 3
-0.287 0.937 8.303 2
-0.301 0.971 8.221 3
-0.323 0.985 8.173 2
-0.301 1.036 8.102 3
-0.277 1.067 8.044 2
-0.229 1.127 7.975 3
-0.143 1.196 7.936 2
-0.05 1.268 7.893 3
0.023 1.335 7.855 2
0.112 1.385 7.776 3
0.263 1.33 7.745 2
0.397 1.289 7.657 3
0.504 1.272 7.582 2
0.54 1.244 7.542 3
0.559 1.203 7.472 2
0.557 1.174 7.386 3
0.552 1.124 7.348 2
0.519 1.103 7.322 3
0.497 1.055 7.305 2
0.466 1.028 7.391 3
0.454 1.009 7.479 2
0.435 1.009 7.657 2
0.399 1.033 7.872 3
0.358 1.064 8.128 2
0.323 1.107 8.386 3
0.253 1.131 8.662 2
0.198 1.201 8.963 3
0.155 1.261 9.205 2
0.095 1.316 9.439 3
0.038 1.351 9.602 2
0.028 1.337 9.767 3
0.011 1.306 9.853 2
0.016 1.253 9.906 3
0.04 1.141 9.913 2
0.04 1.036 9.872 3
0.055 0.916 9.815 2
0.105 0.772 9.688 3
0.224 0.696 9.492 2
0.512 0.717 9.293 3
0.598 0.66 9.061 2
0.552 0.514 8.815 3
0.466 0.452 8.671 2
0.346 0.392 8.506 3
0.301 0.466 8.331 2
0.244 0.504 8.221 3
0.208 0.571 8.149 2
0.246 0.684 8.056 2
0.277 0.799 7.936 3
0.361 0.866 7.757 2
0.459 0.916 7.563 3
0.461 0.875 7.341 2
0.468 0.887 7.159 3
0.385 0.866 7.01 2
0.258 0.849 6.941 3
0.208 0.784 6.86 2
0.198 0.803 6.893 3
0.198 0.851 6.999 2
0.205 0.897 7.144 3
0.212 0.983 7.36 2
0.201 1.112 7.604 3
0.141 1.229 7.891 2
0.112 1.375 8.114 3
0.064 1.466 8.319 2
0.014 1.629 8.532 3
-0.055 1.734 8.683 2
-0.143 1.844 8.81 3
-0.241 1.964 8.92 2
-0.327 2.108 9.001 3
-0.334 2.246 9.075 2
-0.356 2.39 9.145 3
-0.349 2.495 9.231 2
-0.39 2.646 9.303 3
-0.437 2.701 9.288 2
-0.428 2.78 9.286 2
-0.382 2.837 9.286 3
-0.313 2.892 9.241 2
-0.234 2.921 9.231 3
-0.16 2.921 9.159 2
-0.11 2.859 9.075 3
-0.1 2.732 8.965 2
-0.095 2.646 8.927 3
-0.086 2.56 8.913 2
-0.117 2.459 8.93 3
-0.138 2.376 8.98 2
-0.09 2.304 9.016 3
-0.179 2.22 9.09 2
-0.282 2.079 9.119 3
-0.466 1.966 9.131 2
-0.638 1.89 9.02 3
-0.703 1.94 8.975 2
-0.741 2.0 8.898 3
-0.741 2.043 8.855 2
-0.772 2.108 8.834 3
-0.753 2.179 8.796 2
-0.722 2.232 8.791 3
-0.669 2.285 8.767 2
-0.564 2.344 8.786 3
-0.425 2.371 8.884 2
-0.325 2.388 9.025 3
-0.229 2.376 9.224 2
-0.11 2.368 9.403 3
-0.007 2.34 9.616 2
-0.009 2.299 9.877 2
0.0 2.167 10.083 3
-0.04 1.995 10.322 2
-0.064 1.746 10.427 3
-0.011 1.531 10.423 2
0.119 1.349 10.358 3
0.313 1.165 10.26 2
0.485 1.033 10.162 3
0.631 1.091 10.092 2
0.744 1.201 10.126 3
0.844 1.115 10.25 2
0.94 1.055 10.392 3
1.079 1.028 10.497 2
1.225 1.148 10.511 3
1.328 1.354 10.487 2
1.383 1.615 10.375 3
1.397 1.873 10.193 2
1.375 2.189 10.035 3
1.313 2.457 9.894 2
1.225 2.713 9.846 3
1.129 2.943 9.853 2
1.024 3.163 9.865 3
0.832 3.364 9.903 2
0.559 3.438 9.918 3
0.299 3.474 9.932 2
0.004 3.44 9.923 2
-0.239 3.397 9.903 3
-0.394 3.342 9.879 2
-0.488 3.282 9.815 3
-0.533 3.206 9.798 2
-0.636 3.144 9.772 3
-0.72 3.055 9.822 2
-0.729 2.938 9.925 3
-0.696 2.871 10.057 2
-0.655 2.857 10.174 3
-0.6 2.852 10.241 2
-0.492 2.895 10.265 3
-0.421 2.955 10.272 2
-0.368 3.005 10.258 3
-0.301 3.034 10.195 2
-0.291 3.077 10.09 3
-0.325 3.134 9.966 2
-0.373 3.192 9.815 3
-0.416 3.23 9.611 2
-0.5 3.292 9.363 3
-0.547 3.345 9.08 2
-0.624 3.407 8.748 3
-0.76 3.479 8.288 2
-0.945 3.488 7.975 3
-1.088 3.407 7.724 2
-1.191 3.373 7.42 3
-1.284 3.378 7.109 2
-1.32 3.412 6.738 2
-1.337 3.507 6.41 3
-1.344 3.55 6.037 2
-1.371 3.598 5.749 3
-1.438 3.629 5.568 2
-1.502 3.713 5.422 3
-1.629 3.78 5.324 2
-1.761 3.866 5.297 3
-1.852 3.986 5.292 2
-1.873 4.091 5.321 3
-1.923 4.197 5.467 2
-2.007 4.304 5.596 3
-2.048 4.4 5.759 2
-2.065 4.496 5.96 3
-2.143 4.589 6.221 2
-2.17 4.675 6.46 3
-2.172 4.718 6.668 2
-2.153 4.673 6.91 3
-2.132 4.642 7.125 2
-2.12 4.577 7.322 3
-2.065 4.481 7.458 2
-2.012 4.374 7.597 3
-1.935 4.249 7.661 2
-1.861 4.108 7.697 3
-1.749 3.998 7.664 2
-1.658 3.881 7.604 2
-1.581 3.799 7.52 3
-1.49 3.711 7.41 2
-1.404 3.632 7.317 3
-1.351 3.574 7.173 2
-1.308 3.503 7.082 3
-1.261 3.512 6.989 2
-1.232 3.498 6.917 3
-1.208 3.5 6.872 2
-1.196 3.479 6.891 3
-1.067 3.333 6.92 2
-0.995 3.294 6.903 3
-1.045 3.359 6.951 2
-1.184 3.421 7.01 3
-1.313 3.531 7.092 2
-1.421 3.634 7.204 3
-1.502 3.739 7.353 2
-1.514 3.785 7.381 3
-1.512 3.797 7.377 2
-1.462 3.771 7.362 3
-1.409 3.797 7.386 2
-1.287 3.811 7.441 3
-1.155 3.814 7.587 2
-1.055 3.73 7.688 3
-1.002 3.558 7.788 2
-0.882 3.471 8.006 3
-0.784 3.424 8.188 2
-0.658 3.364 8.331 3
-0.492 3.275 8.563 2
-0.349 3.239 8.803 2
-0.349 3.192 8.908 3
-0.373 3.17 9.064 2
-0.325 3.132 9.233 3
-0.256 3.11 9.293 2
-0.157 3.072 9.231 3
-0.083 3.022 9.174 2
-0.026 2.971 9.131 3
-0.007 2.914 9.064 2
-0.004 2.859 8.968 3
-0.038 2.847 8.848 2
-0.112 2.842 8.705 3
-0.186 2.864 8.571 2
-0.256 2.864 8.432 3
-0.346 2.89 8.3 2
-0.423 2.95 8.183 3
-0.543 3.002 8.049 2
-0.598 3.067 7.97 3
-0.741 3.151 7.826 2
-0.866 3.261 7.616 3
-0.942 3.369 7.477 2
-1.045 3.407 7.451 3
-1.071 3.431 7.384 2
-1.165 3.493 7.386 3
-1.251 3.505 7.477 2
-1.22 3.522 7.556 2
-1.182 3.543 7.642 3
-1.138 3.589 7.8 2
-1.141 3.653 8.027 3
-1.129 3.706 8.262 2
-1.184 3.754 8.475 3
-1.232 3.809 8.719 2
-1.217 3.873 8.846 3
-1.239 3.897 8.934 2
-1.229 3.907 9.03 3
-1.22 3.897 9.042 2
-1.16 3.897 9.02 3
-1.05 3.828 8.965 2
-1.009 3.761 8.848 3
-0.93 3.742 8.731 2
-0.861 3.68 8.616 3
-0.784 3.653 8.53 2
-0.672 3.61 8.456 3
-0.622 3.596 8.36 2
-0.535 3.567 8.286 3
-0.442 3.536 8.212 2
-0.373 3.527 8.149 3
-0.296 3.488 8.102 2
-0.253 3.483 8.066 3
-0.198 3.443 8.018 2
-0.174 3.4 7.953 3
-0.179 3.407 7.934 2
-0.153 3.397 7.881 2
-0.145 3.388 7.877 3
-0.153 3.364 7.843 2
-0.181 3.349 7.762 3
-0.165 3.347 7.659 2
-0.196 3.333 7.554 3
-0.184 3.369 7.439 2
-0.186 3.369 7.336 3
-0.169 3.39 7.197 2
-0.165 3.424 7.077 3
-0.15 3.45 6.917 2
-0.105 3.491 6.776 3
-0.122 3.517 6.69 2
-0.138 3.515 6.613 3
-0.157 3.522 6.623 2
-0.184 3.536 6.64 3
-0.222 3.548 6.692 2
-0.318 3.594 6.781 3
-0.447 3.663 6.893 2
-0.567 3.708 7.022 3
-0.71 3.73 7.097 2
-0.78 3.773 7.159 3
-0.825 3.766 7.183 2
-0.859 3.775 7.238 3
-0.856 3.754 7.247 2
-0.875 3.771 7.29 2
-0.813 3.754 7.302 3
-0.813 3.756 7.405 2
-0.815 3.747 7.508 3
-0.803 3.766 7.621 2
-0.782 3.795 7.721 3
-0.782 3.828 7.862 2
-0.792 3.871 7.989 3
-0.859 3.924 8.142 2
-0.909 3.938 8.288 3
-0.964 4.007 8.446 2
-1.057 4.051 8.623 3
-1.136 4.127 8.781 2
-1.21 4.192 8.956 3
-1.217 4.208 9.035 2
-1.22 4.24 9.109 3
-1.177 4.264 9.217 2
-1.122 4.264 9.219 3
-1.079 4.218 9.188 2
-0.902 4.185 9.104 3
-0.744 4.13 9.006 2
-0.658 4.084 8.939 3
-0.514 4.039 8.86 2
-0.418 4.022 8.827 3
-0.394 4.01 8.784 2
-0.253 4.024 8.764 3
-0.15 4.082 8.834 2
-0.179 4.132 8.958 3
-0.272 4.185 9.135 2
-0.404 4.29 9.367 2
-0.454 4.412 9.647 3
-0.483 4.515 9.848 2
-0.574 4.579 10.069 3
-0.713 4.689 10.31 2
-0.799 4.718 10.451 3
-0.803 4.756 10.514 2
-0.837 4.754 10.514 3
-0.892 4.733 10.516 2
-0.894 4.689 10.399 3
-0.837 4.663 10.269 2
-0.854 4.637 10.136 3
-0.904 4.572 10.028 2
-0.947 4.515 9.927 3
-0.945 4.46 9.848 2
-0.904 4.393 9.834 3
-0.861 4.333 9.817 2
-0.868 4.261 9.882 3
-0.851 4.273 9.942 2
-0.851 4.225 10.107 3
-0.83 4.254 10.138 2
-0.937 4.208 10.238 3
-0.976 4.115 10.145 2
-0.918 4.216 9.987 3
-0.897 4.223 9.944 2
-0.787 4.275 9.741 2
-0.777 4.328 9.609 3
-0.82 4.34 9.504 2
-0.827 4.352 9.439 3
-0.813 4.374 9.308 2
-0.868 4.402 9.291 3
-0.959 4.419 9.308 2
-1.012 4.469 9.305 3
-1.074 4.498 9.334 2
-1.165 4.51 9.353 3
-1.27 4.486 9.437 2
-1.366 4.46 9.499 3
-1.44 4.433 9.559 2
-1.488 4.433 9.616 3
-1.497 4.431 9.674 2
-1.495 4.426 9.745 3
-1.433 4.402 9.772 2
-1.371 4.376 9.805 3
-1.251 4.378 9.839 2
-1.165 4.364 9.877 3
-1.119 4.352 9.889 2
-1.055 4.362 9.867 3
-0.959 4.342 9.829 2
-0.849 4.309 9.757 3
-0.787 4.285 9.671 2
-0.689 4.268 9.611 3
-0.605 4.228 9.525 2
-0.569 4.182 9.442 2
-0.545 4.137 9.394 3
-0.5 4.101 9.339 2
-0.442 4.039 9.262 3
-0.416 4.012 9.226 2
-0.342 3.976 9.174 3
-0.296 3.921 9.147 2
-0.227 3.862 9.087 3
-0.212 3.811 9.044 2
-0.239 3.795 9.018 3
-0.287 3.732 9.02 2
-0.366 3.701 9.073 3
-0.425 3.72 9.116 2
-0.483 3.763 9.157 3
-0.504 3.866 9.195 2
-0.574 3.95 9.279 3
-0.591 4.022 9.391 2
-0.708 4.103 9.427 3
-0.717 4.144 9.451 2
-0.748 4.151 9.394 3
-0.78 4.149 9.31 2
-0.78 4.163 9.198 3
-0.777 4.237 9.068 2
-0.808 4.28 9.006 3
-0.825 4.283 8.975 2
-0.825 4.326 8.958 2
-0.856 4.414 8.941 3
-0.856 4.532 8.963 2
-0.837 4.601 9.004 3
-0.784 4.675 9.037 2
-0.748 4.776 9.08 3
-0.71 4.835 9.092 2
-0.677 4.826 9.013 3
-0.583 4.831 8.951 2
-0.521 4.79 8.886 3
-0.495 4.776 8.807 2
-0.423 4.711 8.764 3
-0.363 4.687 8.714 2
-0.351 4.656 8.654 3
-0.32 4.632 8.676 2
-0.325 4.606 8.676 3
-0.284 4.584 8.709 2
-0.308 4.51 8.752 3
-0.246 4.448 8.774 2
-0.181 4.407 8.822 3
-0.131 4.34 8.855 2
-0.05 4.297 8.834 3
0.016 4.247 8.827 2
0.095 4.213 8.786 3
0.162 4.194 8.731 2
0.222 4.177 8.69 3
0.32 4.165 8.63 2
0.385 4.175 8.614 2
0.416 4.194 8.578 3
0.428 4.218 8.528 2
0.43 4.261 8.506 3
0.435 4.254 8.465 2
0.401 4.304 8.496 3
0.392 4.333 8.508 2
0.354 4.357 8.516 3
0.334 4.376 8.511 2
0.296 4.388 8.53 3
0.265 4.376 8.53 2
0.201 4.354 8.563 3
0.16 4.34 8.623 2
0.095 4.316 8.642 3
0.067 4.299 8.652 2
0.009 4.256 8.659 3
-0.009 4.206 8.621 2
-0.05 4.182 8.573 3
-0.047 4.17 8.551 2
-0.023 4.156 8.494 3
-0.011 4.165 8.453 2
-0.004 4.199 8.425 3
-0.011 4.24 8.453 2
-0.043 4.266 8.477 3
-0.069 4.304 8.528 2
-0.095 4.321 8.587 3
-0.167 4.352 8.621 2
-0.253 4.366 8.702 2
-0.342 4.364 8.791 3
-0.445 4.378 8.874 2
-0.497 4.374 8.965 3
-0.535 4.386 9.047 2
-0.547 4.419 9.107 3
-0.524 4.429 9.087 2
-0.483 4.431 9.068 3
-0.442 4.414 9.006 2
-0.358 4.376 8.937 3
-0.308 4.374 8.865 2
-0.193 4.378 8.762 3
-0.138 4.331 8.673 2
-0.083 4.342 8.647 3
-0.055 4.369 8.609 2
-0.043 4.426 8.556 3
-0.016 4.402 8.537 2
0.019 4.383 8.482 3
0.031 4.374 8.468 2
0.002 4.429 8.453 3
-0.009 4.462 8.453 2
-0.081 4.498 8.453 3
-0.083 4.539 8.482 2
-0.119 4.572 8.532 3
-0.114 4.61 8.528 2
-0.148 4.637 8.535 3
-0.196 4.639 8.566 2
-0.224 4.649 8.595 2
-0.224 4.687 8.611 3
-0.27 4.663 8.614 2
-0.315 4.637 8.64 3
-0.339 4.63 8.671 2
-0.351 4.596 8.717 3
-0.378 4.534 8.714 2
-0.38 4.512 8.762 3
-0.409 4.479 8.831 2
-0.416 4.445 8.87 3
-0.409 4.424 8.891 2
-0.404 4.417 8.922 3
-0.406 4.388 8.889 2
-0.382 4.374 8.886 3
-0.399 4.414 8.86 2
-0.399 4.395 8.872 3
-0.421 4.412 8.901 2
-0.428 4.429 8.973 3
-0.447 4.426 9.047 2
-0.485 4.431 9.073 3
-0.49 4.414 9.049 2
-0.466 4.426 9.011 3
-0.468 4.395 8.97 2
-0.442 4.398 8.932 3
-0.399 4.376 8.915 2
-0.346 4.369 8.925 3
-0.287 4.39 8.961 2
-0.26 4.374 8.98 2
-0.239 4.386 9.004 3
-0.229 4.393 9.032 2
-0.236 4.405 9.042 3
-0.253 4.395 9.044 2
-0.248 4.4 9.095 3
-0.279 4.395 9.123 2
-0.258 4.378 9.123 3
-0.236 4.388 9.099 2
-0.229 4.402 9.03 3
-0.205 4.39 9.004 2
-0.217 4.393 8.97 3
-0.239 4.407 8.982 2
-0.222 4.419 8.98 3
-0.236 4.412 8.941 2
-0.246 4.443 8.927 3
-0.224 4.46 8.891 2
-0.189 4.445 8.815 3
-0.201 4.412 8.786 2
-0.155 4.417 8.743 3
-0.131 4.419 8.714 2
-0.098 4.407 8.74 3
-0.122 4.366 8.791 2
-0.143 4.309 8.889 3
-0.126 4.218 8.946 2
-0.119 4.103 8.982 3
-0.15 4.082 9.016 2
-0.16 4.122 8.97 2
-0.198 4.168 8.918 3
-0.208 4.211 8.841 2
-0.253 4.29 8.841 3
-0.294 4.369 8.824 2
-0.375 4.467 8.798 3
-0.392 4.546 8.819 2
-0.445 4.584 8.772 3
-0.473 4.615 8.709 2
-0.497 4.598 8.676 3
-0.492 4.579 8.635 2
-0.461 4.553 8.606 3
-0.413 4.529 8.568 2
-0.401 4.503 8.551 3
-0.382 4.443 8.528 2
-0.37 4.414 8.551 3
-0.373 4.371 8.585 2
-0.354 4.345 8.611 3
-0.332 4.371 8.635 2
-0.33 4.424 8.616 3
-0.32 4.45 8.652 2
-0.21 4.407 8.671 3
-0.119 4.386 8.707 2
-0.064 4.386 8.726 3
-0.028 4.417 8.779 2
-0.009 4.443 8.81 3
0.021 4.407 8.858 2
0.067 4.374 8.882 2
0.093 4.386 8.93 3
0.141 4.455 8.997 2
0.145 4.51 9.078 3
0.129 4.57 9.154 2
0.047 4.591 9.233 3
-0.016 4.632 9.291 2
-0.134 4.673 9.324 3
-0.193 4.689 9.296 2
-0.284 4.673 9.262 3
-0.289 4.637 9.19 2
-0.291 4.622 9.061 3
-0.279 4.589 8.958 2
-0.265 4.555 8.846 3
-0.239 4.508 8.791 2
-0.251 4.503 8.717 3
-0.251 4.443 8.623 2
-0.244 4.407 8.595 3
-0.27 4.402 8.556 2
-0.303 4.46 8.575 3
-0.346 4.536 8.638 2
-0.354 4.584 8.673 3
-0.423 4.658 8.731 2
-0.447 4.697 8.781 3
-0.488 4.663 8.8 2
-0.514 4.666 8.819 3
-0.538 4.649 8.829 2
-0.535 4.622 8.791 2
-0.545 4.606 8.769 3
-0.569 4.553 8.767 2
-0.598 4.539 8.791 3
-0.629 4.512 8.848 2
-0.636 4.486 8.92 3
-0.65 4.441 8.889 2
-0.667 4.426 8.774 3
-0.65 4.409 8.664 2
-0.612 4.436 8.568 3
-0.526 4.414 8.492 2
-0.478 4.429 8.295 3
-0.473 4.441 7.941 2
-0.502 4.433 7.633 3
-0.571 4.462 7.266 2
-0.708 4.52 6.592 3
-0.906 4.606 6.283 2
-1.103 4.68 6.486 3
-1.179 4.673 7.097 2
-1.215 4.618 7.735 3
-1.198 4.527 8.183 2
-1.131 4.405 8.496 3
-1.043 4.297 8.566 2
-0.906 4.199 8.595 3
-0.748 4.118 8.504 2
-0.624 4.027 8.427 2
-0.516 3.991 8.408 3
-0.461 3.967 8.405 2
-0.421 3.969 8.492 3
-0.406 4.017 8.671 2
-0.425 4.072 8.829 3
-0.421 4.122 9.013 2
-0.409 4.194 9.14 3
-0.409 4.264 9.245 2
-0.416 4.297 9.327 3
-0.428 4.35 9.355 2
-0.473 4.386 9.396 3
-0.49 4.419 9.454 2
-0.497 4.465 9.494 3
-0.507 4.448 9.511 2
-0.466 4.429 9.482 3
-0.452 4.4 9.43 2
-0.423 4.395 9.37 3
-0.397 4.357 9.272 2
-0.385 4.342 9.212 3
-0.361 4.331 9.126 2
-0.373 4.309 9.025 3
-0.351 4.278 8.951 2
-0.346 4.278 8.851 3
-0.332 4.24 8.786 2
-0.346 4.237 8.755 3
-0.382 4.199 8.803 2
-0.437 4.216 8.839 2
-0.483 4.187 8.855 3
-0.559 4.163 8.87 2
-0.624 4.141 8.819 3
-0.681 4.151 8.724 2
-0.753 4.098 8.606 3
-0.866 4.067 8.501 2
-1.014 4.051 8.382 3
-1.196 4.084 8.274 2
-1.347 4.165 8.233 3
-1.488 4.237 8.176 2
-1.529 4.153 8.051 3
-1.514 4.12 7.956 2
-1.493 4.252 7.922 3
-1.466 4.335 7.968 2
-1.442 4.398 8.161 3
-1.56 4.52 8.429 2
-1.782 4.639 8.764 3
-2.055 4.654 9.104 2
-2.318 4.704 9.466 3
-2.452 4.768 9.7 2
-2.469 4.778 9.815 3
-2.34 4.74 9.767 2
-2.153 4.728 9.671 3
-1.931 4.637 9.501 2
-1.694 4.551 9.324 3
-1.457 4.46 9.188 2
-1.275 4.381 9.044 2
-1.131 4.328 8.956 3
-0.997 4.297 8.891 2
-0.88 4.275 8.872 3
-0.782 4.252 8.906 2
-0.713 4.232 8.953 3
-0.643 4.204 8.987 2
-0.6 4.158 9.04 3
-0.531 4.118 9.087 2
-0.44 4.063 9.181 3
-0.366 4.029 9.284 2
-0.334 4.0 9.408 3
-0.315 4.003 9.511 2
-0.325 3.991 9.609 3
-0.351 3.991 9.693 2
-0.342 3.976 9.748 3
-0.358 3.979 9.798 2
-0.378 4.012 9.779 3
-0.445 3.996 9.722 2
-0.476 4.003 9.643 3
-0.552 4.019 9.556 2
-0.624 4.039 9.454 3
-0.667 4.046 9.346 2
-0.71 4.051 9.257 3
-0.772 4.048 9.152 2
-0.799 4.046 9.068 3
-0.813 4.022 8.977 2
-0.835 3.993 8.92 2
-0.863 3.964 8.872 3
-0.868 3.909 8.865 2
-0.882 3.905 8.886 3
-0.906 3.876 8.894 2
-0.937 3.862 8.932 3
-0.954 3.852 8.958 2
-0.993 3.84 9.001 3
-0.983 3.821 9.011 2
-1.002 3.826 9.013 3
-1.007 3.783 9.011 2
-1.033 3.768 8.973 3
-1.004 3.751 8.977 2
-0.971 3.778 8.98 3
-0.973 3.818 9.013 2
-0.964 3.878 9.04 3
-0.937 3.885 9.016 2
-0.928 3.895 8.992 3
-0.897 3.845 8.932 2
-0.885 3.847 8.874 3
-0.842 3.83 8.822 2
-0.803 3.823 8.8 3
-0.736 3.804 8.796 2
-0.693 3.785 8.807 3
-0.638 3.768 8.807 2
-0.583 3.759 8.786 2
-0.55 3.744 8.81 3
-0.5 3.711 8.81 2
-0.464 3.692 8.843 3
-0.43 3.644 8.882 2
-0.404 3.649 8.953 3
-0.43 3.627 8.999 2
-0.442 3.622 9.013 3
-0.442 3.589 9.047 2
-0.468 3.567 9.061 3
-0.48 3.55 9.052 2
-0.48 3.558 9.023 3
-0.519 3.553 9.028 2
-0.574 3.562 8.994 3
-0.605 3.558 8.922 2
-0.619 3.56 8.877 3
-0.617 3.579 8.841 2
-0.619 3.591 8.819 3
-0.598 3.598 8.831 2
-0.588 3.594 8.812 3
-0.591 3.596 8.793 2
-0.646 3.61 8.76 3
-0.669 3.622 8.762 2
-0.689 3.615 8.719 3
-0.691 3.603 8.764 2
-0.693 3.584 8.827 3
-0.705 3.541 8.901 2
-0.701 3.498 9.035 2
-0.713 3.45 9.152 3
-0.705 3.393 9.3 2
-0.708 3.328 9.43 3
-0.72 3.278 9.54 2
-0.727 3.227 9.631 3
-0.727 3.163 9.69 2
-0.722 3.134 9.678 3
-0.705 3.113 9.655 2
-0.674 3.084 9.638 3
-0.655 3.067 9.604 2
-0.636 3.053 9.566 3
-0.588 3.05 9.54 2
-0.581 3.055 9.516 3
-0.574 3.046 9.492 2
-0.567 3.058 9.439 3
-0.547 3.053 9.408 2
-0.535 3.065 9.377 3
-0.516 3.06 9.377 2
-0.521 3.053 9.351 3
-0.483 3.05 9.339 2
-0.497 3.06 9.343 3
-0.464 3.038 9.358 2
-0.485 3.036 9.365 3
-0.483 3.036 9.377 2
-0.516 3.022 9.384 2
-0.504 3.036 9.384 3
-0.519 3.017 9.36 2
-0.535 3.017 9.36 3
-0.507 3.036 9.375 2
-0.48 3.046 9.358 3
-0.485 3.084 9.36 2
-0.476 3.101 9.365 3
-0.516 3.146 9.312 2
-0.507 3.184 9.272 3
-0.531 3.223 9.245 2
-0.602 3.22 9.243 3
-0.641 3.215 9.174 2
-0.667 3.237 9.169 3
-0.679 3.218 9.178 2
-0.717 3.189 9.19 3
-0.739 3.187 9.233 2
-0.741 3.163 9.286 3
-0.787 3.146 9.32 2
-0.784 3.127 9.336 3
-0.792 3.093 9.355 2
-0.801 3.048 9.394 3
-0.835 3.038 9.408 2
-0.827 3.01 9.456 3
-0.813 3.019 9.513 2
-0.782 3.014 9.588 3
-0.756 2.998 9.678 2
-0.751 3.007 9.714 3
-0.734 2.988 9.803 2
-0.744 2.971 9.827 2
-0.751 2.967 9.829 3
-0.713 2.967 9.81 2
-0.736 2.938 9.791 3
-0.734 2.921 9.719 2
-0.72 2.921 9.626 3
-0.727 2.909 9.559 2
-0.71 2.9 9.506 3
-0.717 2.892 9.449 2
-0.725 2.902 9.41 3
-0.725 2.914 9.351 2
-0.734 2.924 9.32 3
-0.741 2.916 9.31 2
-0.782 2.933 9.327 3
-0.796 2.938 9.322 2
-0.806 2.928 9.32 3
-0.815 2.945 9.315 2
-0.811 2.921 9.317 3
-0.756 2.9 9.358 2
-0.722 2.878 9.358 3
-0.667 2.864 9.37 2
-0.631 2.854 9.375 3
-0.564 2.852 9.379 2
-0.492 2.833 9.401 3
-0.43 2.821 9.41 2
-0.354 2.799 9.442 2
-0.327 2.797 9.473 3
-0.289 2.785 9.499 2
-0.291 2.782 9.523 3
-0.301 2.79 9.544 2
-0.342 2.778 9.578 3
-0.325 2.751 9.59 2
-0.337 2.763 9.614 3
-0.327 2.758 9.669 2
-0.361 2.763 9.662 3
-0.366 2.763 9.688 2
-0.332 2.749 9.669 3
-0.315 2.742 9.655 2
-0.315 2.725 9.667 3
-0.33 2.691 9.681 2
-0.344 2.679 9.681 3
-0.327 2.66 9.686 2
-0.339 2.615 9.69 3
-0.311 2.581 9.717 2
-0.313 2.531 9.741 3
-0.323 2.474 9.734 2
-0.33 2.428 9.777 3
-0.315 2.38 9.803 2
-0.294 2.361 9.803 3
-0.301 2.333 9.791 2
-0.339 2.306 9.781 3
-0.339 2.311 9.793 2
-0.327 2.275 9.827 2
-0.323 2.282 9.81 3
-0.311 2.266 9.812 2
-0.284 2.289 9.812 3
-0.275 2.318 9.786 2
-0.258 2.34 9.767 3
-0.236 2.34 9.726 2
-0.201 2.33 9.705 3
-0.181 2.361 9.683 2
-0.179 2.38 9.655 3
-0.181 2.392 9.669 2
-0.177 2.402 9.628 3
-0.169 2.411 9.628 2
-0.205 2.39 9.664 3
-0.191 2.39 9.659 2
-0.181 2.383 9.671 3
-0.186 2.395 9.719 2
-0.196 2.428 9.753 3
-0.193 2.411 9.765 2
-0.162 2.445 9.8 3
-0.167 2.466 9.827 2
-0.22 2.478 9.844 3
-0.267 2.45 9.875 2
-0.339 2.421 9.92 3
-0.423 2.419 9.939 2
-0.48 2.356 9.958 2
-0.531 2.335 9.946 3
-0.535 2.352 9.949 2
-0.512 2.304 9.918 3
-0.509 2.309 9.841 2
-0.466 2.301 9.777 3
-0.461 2.292 9.681 2
-0.452 2.294 9.588 3
-0.468 2.342 9.489 2
-0.524 2.38 9.446 3
-0.567 2.388 9.389 2
-0.512 2.39 9.346 3
-0.521 2.423 9.322 2
-0.514 2.404 9.341 3
-0.555 2.399 9.391 2
-0.579 2.402 9.418 3
-0.571 2.39 9.468 2
-0.574 2.385 9.513 3
-0.6 2.376 9.537 2
-0.583 2.385 9.597 3
-0.547 2.352 9.652 2
-0.531 2.359 9.722 3
-0.512 2.364 9.784 2
-0.497 2.371 9.822 3
-0.488 2.376 9.86 2
-0.473 2.385 9.872 3
-0.461 2.395 9.918 2
-0.461 2.416 9.968 3
-0.442 2.407 9.982 2
-0.449 2.407 10.009 2
-0.454 2.426 10.028 3
-0.473 2.44 10.033 2
-0.449 2.44 10.033 3
-0.471 2.443 10.047 2
-0.449 2.414 10.023 3
-0.433 2.402 9.987 2
-0.387 2.395 9.934 3
-0.366 2.411 9.894 2
-0.32 2.39 9.812 3
-0.311 2.39 9.774 2
-0.275 2.376 9.702 3
-0.234 2.361 9.676 2
-0.229 2.349 9.659 3
-0.224 2.352 9.616 2
-0.227 2.349 9.607 3
-0.272 2.318 9.561 2
-0.291 2.33 9.556 3
-0.313 2.321 9.547 2
-0.299 2.311 9.54 3
-0.308 2.318 9.523 2
-0.327 2.297 9.533 3
-0.373 2.306 9.535 2
-0.363 2.301 9.533 3
-0.375 2.321 9.544 2
-0.38 2.301 9.549 2
-0.361 2.306 9.549 3
-0.373 2.28 9.547 2
-0.361 2.287 9.537 3
-0.382 2.266 9.561 2
-0.358 2.256 9.568 3
-0.361 2.263 9.578 2
-0.334 2.261 9.547 3
-0.349 2.251 9.561 2
-0.323 2.227 9.585 3
-0.306 2.179 9.552 2
-0.287 2.143 9.542 3
-0.263 2.11 9.542 2
-0.251 2.086 9.525 3
-0.251 2.076 9.499 2
-0.251 2.043 9.521 3
-0.241 2.031 9.554 2
-0.205 2.002 9.59 3
-0.205 1.976 9.614 2
-0.196 1.962 9.65 3
-0.169 1.942 9.69 2
-0.126 1.938 9.731 3
-0.119 1.919 9.803 2
-0.059 1.897 9.812 3
0.007 1.883 9.824 2
0.064 1.89 9.772 3
0.124 1.887 9.767 2
0.222 1.902 9.722 2
0.291 1.969 9.738 3
0.344 2.021 9.774 2
0.337 2.014 9.846 3
0.315 1.957 9.908 2
0.263 1.966 9.93 3
0.21 1.935 9.899 2
0.167 1.892 9.824 3
0.129 1.873 9.748 2
0.114 1.897 9.695 3
0.09 1.931 9.604 2
0.059 1.921 9.547 3
0.059 1.95 9.437 2
0.069 1.974 9.327 3
0.081 1.983 9.245 2
0.062 1.998 9.123 3
0.047 1.99 9.049 2
0.047 1.995 8.968 3
0.043 1.993 8.922 2
0.033 2.002 8.941 3
0.028 1.998 8.985 2
0.038 1.981 9.068 3
0.028 1.974 9.176 2
0.021 1.99 9.324 3
0.014 1.981 9.456 2
0.021 1.971 9.571 3
0.028 1.95 9.647 2
0.026 1.99 9.695 2
0.033 2.009 9.714 3
0.016 2.055 9.714 2
0.055 2.105 9.686 3
0.045 2.158 9.64 2
0.074 2.222 9.58 3
0.055 2.239 9.537 2
0.035 2.294 9.461 3
0.019 2.287 9.42 2
-0.023 2.277 9.401 3
-0.052 2.301 9.379 2
-0.114 2.311 9.363 3
-0.155 2.333 9.341 2
-0.193 2.344 9.322 3
-0.234 2.376 9.348 2
-0.311 2.411 9.37 3
-0.401 2.44 9.401 2
-0.48 2.481 9.473 3
-0.614 2.548 9.521 2
-0.722 2.615 9.566 3
-0.748 2.663 9.595 2
-0.717 2.679 9.556 3
-0.696 2.72 9.511 2
-0.677 2.691 9.43 3
-0.708 2.67 9.346 2
-0.725 2.67 9.296 3
-0.72 2.636 9.226 2
-0.72 2.627 9.186 2
-0.823 2.646 9.14 3
-0.918 2.667 9.157 2
-0.959 2.651 9.221 3
-0.949 2.677 9.272 2
-0.988 2.648 9.336 3
-1.052 2.665 9.334 2
-1.117 2.694 9.363 3
-1.088 2.696 9.401 2
-1.124 2.718 9.485 3
-1.112 2.744 9.626 2
-1.143 2.756 9.719 3
-1.15 2.825 9.781 2
-1.115 2.868 9.786 3
-1.079 2.88 9.786 2
-1.019 2.904 9.748 3
-0.988 2.904 9.64 2
-1.0 2.89 9.59 3
-0.997 2.864 9.533 2
-1.021 2.828 9.506 3
-1.045 2.811 9.497 2
-1.062 2.806 9.516 3
-1.086 2.758 9.511 2
-1.131 2.756 9.47 3
-1.136 2.754 9.439 2
-1.15 2.699 9.451 3
-1.174 2.711 9.418 2
-1.148 2.699 9.497 2
-1.16 2.667 9.523 3
-1.16 2.658 9.533 2
-1.167 2.646 9.537 3
-1.134 2.622 9.552 2
-1.112 2.615 9.554 3
-1.074 2.612 9.564 2
-1.074 2.579 9.535 3
-1.069 2.603 9.54 2
-1.091 2.624 9.525 3
-1.067 2.612 9.518 2
-1.021 2.629 9.492 3
-1.0 2.634 9.41 2
-0.988 2.658 9.322 3
-0.966 2.677 9.26 2
-0.959 2.73 9.238 3
-0.995 2.768 9.207 2
-1.067 2.794 9.219 3
-1.138 2.813 9.253 2
-1.191 2.84 9.272 3
-1.217 2.871 9.291 2
-1.287 2.878 9.245 3
-1.351 2.885 9.231 2
-1.404 2.914 9.262 3
-1.438 2.907 9.241 2
-1.473 2.9 9.241 3
-1.519 2.89 9.195 2
-1.514 2.885 9.236 2
-1.526 2.868 9.255 3
-1.536 2.871 9.284 2
-1.536 2.873 9.41 3
-1.612 2.885 9.533 2
-1.67 2.888 9.667 3
-1.698 2.871 9.757 2
-1.727 2.852 9.834 3
-1.701 2.799 9.879 2
-1.646 2.749 9.867 3
-1.567 2.732 9.796 2
-1.416 2.713 9.456 3
-1.27 2.656 9.042 2
-1.284 2.648 8.499 3
-1.375 2.701 7.757 2
-1.576 2.83 7.444 3
-1.83 2.935 7.719 2
-1.978 2.94 8.31 3
-2.06 2.935 9.047 2
-2.12 2.909 9.573 3
-2.127 2.89 9.815 2
-2.079 2.842 9.844 3
-1.957 2.837 9.678 2
-1.82 2.813 9.41 3
-1.682 2.802 9.205 2
-1.605 2.782 9.085 2
-1.529 2.775 9.059 3
-1.538 2.782 9.14 2
-1.538 2.768 9.253 3
-1.555 2.768 9.372 2
-1.55 2.802 9.485 3
-1.543 2.83 9.533 2
-1.536 2.878 9.525 3
-1.493 2.873 9.48 2
-1.435 2.912 9.384 3
-1.435 2.943 9.329 2
-1.445 2.983 9.231 3
-1.457 2.952 9.171 2
-1.473 2.967 9.145 3
-1.519 2.962 9.195 2
-1.548 2.969 9.269 3
-1.555 2.95 9.312 2
-1.576 2.938 9.394 3
-1.591 2.95 9.422 2
-1.555 2.986 9.468 3
-1.517 3.034 9.554 2
-1.478 3.046 9.561 3
-1.435 3.041 9.609 2
-1.466 3.034 9.628 3
-1.481 3.084 9.667 2
-1.552 3.098 9.714 3
-1.627 3.139 9.707 2
-1.71 3.177 9.671 2
-1.835 3.196 9.6 3
-1.931 3.187 9.521 2
-2.069 3.151 9.437 3
-2.196 3.158 9.372 2
-2.342 3.158 9.346 3
-2.488 3.182 9.406 2
-2.565 3.223 9.456 3
-2.622 3.239 9.542 2
-2.617 3.282 9.583 3
-2.632 3.302 9.621 2
-2.589 3.34 9.645 3
-2.569 3.347 9.659 2
-2.536 3.345 9.678 3
-2.481 3.337 9.667 2
-2.39 3.29 9.647 3
-2.249 3.275 9.561 2
-2.093 3.242 9.454 3
-1.871 3.177 9.363 2
-1.67 3.134 9.317 3
-1.466 3.096 9.272 2
-1.308 3.072 9.276 3
-1.15 3.017 9.269 2
-1.038 2.95 9.293 3
-0.959 2.88 9.3 2
-0.902 2.84 9.32 3
-0.882 2.785 9.312 2
-0.887 2.744 9.286 2
-0.892 2.737 9.241 3
-0.928 2.744 9.207 2
-1.002 2.746 9.198 3
-1.043 2.754 9.207 2
-1.115 2.79 9.154 3
-1.172 2.809 9.126 2
-1.246 2.847 9.133 3
-1.284 2.888 9.128 2
-1.337 2.907 9.147 3
-1.368 2.914 9.195 2
-1.43 2.907 9.221 3
-1.502 2.878 9.272 2
-1.584 2.861 9.348 3
-1.66 2.83 9.489 2
-1.725 2.775 9.662 3
-1.801 2.725 9.781 2
-1.82 2.679 9.834 3
-1.825 2.644 9.798 2
-1.806 2.622 9.741 3
-1.837 2.565 9.585 2
-1.797 2.572 9.449 3
-1.797 2.553 9.322 2
-1.744 2.567 9.262 3
-1.732 2.577 9.217 2
-1.682 2.639 9.164 3
-1.663 2.687 9.169 2
-1.684 2.715 9.131 2
-1.677 2.746 9.131 3
-1.679 2.749 9.111 2
-1.691 2.735 9.099 3
-1.658 2.742 9.111 2
-1.631 2.732 9.107 3
-1.612 2.701 9.092 2
-1.596 2.689 9.066 3
-1.584 2.711 9.035 2
-1.548 2.708 8.992 3
-1.485 2.699 8.901 2
-1.462 2.708 8.865 3
-1.404 2.679 8.829 2
-1.342 2.679 8.788 3
-1.301 2.663 8.769 2
-1.27 2.706 8.752 3
-1.249 2.746 8.757 2
-1.222 2.723 8.805 3
-1.196 2.766 8.822 2
-1.22 2.811 8.879 3
-1.239 2.828 8.908 2
-1.261 2.852 8.918 3
-1.268 2.861 8.977 2
-1.268 2.883 9.011 3
-1.287 2.89 9.023 2
-1.27 2.912 9.042 2
-1.249 2.888 9.061 3
-1.249 2.878 9.052 2
-1.232 2.861 9.075 3
-1.229 2.809 9.087 2
-1.198 2.773 9.14 3
-1.196 2.737 9.169 2
-1.227 2.701 9.272 3
-1.208 2.679 9.358 2
-1.232 2.653 9.482 3
-1.246 2.658 9.528 2
-1.258 2.615 9.554 3
-1.265 2.632 9.597 2
-1.287 2.608 9.652 3
-1.28 2.598 9.757 2
-1.282 2.608 9.731 3
-1.28 2.634 9.736 2
-1.28 2.651 9.698 3
-1.241 2.684 9.674 2
-1.239 2.706 9.652 3
-1.227 2.737 9.631 2
-1.249 2.756 9.583 3
-1.268 2.782 9.597 2
-1.275 2.799 9.549 3
-1.311 2.792 9.509 2
-1.351 2.785 9.458 3
-1.363 2.782 9.396 2

# Completed @Wed Mar 21 12:51:30 EDT 2018
